2
18
32
45
48
59
106
122
126
128
184
193
204
207
242
252
259
271
290
302
328
361
366
368
369
374
404
433
442
446
450
454
461
470
471
477
489
505
538
541
561
564
567
576
578
584
591
595
596
611
617
623
628
637
639
668
674
675
684
691
699
706
711
722
736
743
750
756
757
768
772
774
790
813
858
864
872
883
904
925
933
964
973
976
983
1001
1014
1020
1031
1035
1074
1077
1081
1086
1087
1099
1102
1105
1111
1115
1117
1144
1150
1152
1172
1178
1188
1208
1213
1221
1227
1234
1243
1250
1264
1274
1287
1290
1311
1324
1334
1335
1336
1339
1346
1348
1349
1351
1352
1365
1419
1424
1430
1434
1435
1447
1448
1460
1461
1465
1474
1497
1505
1507
1517
1522
1524
1530
1533
1546
1554
1573
1580
1581
1590
1594
1598
1608
1615
1617
1618
1622
1627
1628
1632
1636
1649
1659
1667
1673
1678
1695
1710
1719
1730
1733
1736
1747
1759
1767
1777
1798
1799
1808
1818
1828
1837
1873
1898
1901
1902
1903
1920
1924
1930
1940
1947
1961
1970
1976
1979
1988
1992
1995
1997
2001
2007
2020
2043
2049
2066
2067
2070
2082
2087
2089
2093
2114
2123
2136
2146
2170
2187
2206
2224
2249
2259
2267
2276
2305
2315
2321
2324
2333
2340
2345
2352
2357
2365
2368
2386
2400
2402
2407
2408
2427
2433
2442
2450
2455
2475
2476
2477
2504
2533
2547
2548
2564
2567
2570
2576
2594
2609
2633
2634
2642
2647
2655
2656
2661
2676
2683
2692
2708
2718
2742
2745
2763
2776
2777
2780
2796
2801
2805
2814
2833
2842
2848
2850
2858
2859
2888
2891
2900
2905
2910
2920
2922
2929
2944
2945
2960
2962
2964
2966
2973
2989
2991
3013
3025
3027
3041
3079
3086
3095
3109
3117
3129
3132
3157
3174
3180
3181
3186
3192
3209
3210
3232
3234
3237
3252
3260
3269
3281
3291
3304
3313
3317
3318
3319
3345
3356
3358
3361
3370
3372
3376
3387
3391
3408
3413
3422
3441
3442
3461
3471
3479
3490
3531
3544
3549
3550
3557
3569
3597
3608
3618
3640
3643
3648
3657
3674
3679
3680
3686
3706
3717
3739
3757
3762
3763
3779
3795
3800
3809
3811
3819
3844
3846
3857
3869
3871
3895
3921
3933
3960
3968
3993
3997
4000
4014
4015
4026
4038
4039
4048
4051
4066
4098
4128
4134
4142
4148
4171
4174
4177
4178
4180
4181
4184
4187
4205
4206
4211
4216
4239
4243
4249
4250
4258
4264
4271
4279
4291
4294
4319
4334
4335
4336
4343
4385
4397
4427
4448
4476
4480
4493
4503
4522
4536
4550
4557
4564
4565
4582
4584
4599
4618
4630
4647
4656
4658
4671
4699
4705
4707
4733
4735
4746
4748
4750
4754
4761
4779
4795
4806
4819
4821
4822
4856
4872
4876
4877
4878
4899
4902
4911
4913
4944
4950
4951
4955
4958
4960
4961
4972
4975
4981
4983
4994
4995
5005
5036
5075
5079
5081
5089
5092
5102
5128
5144
5154
5163
5168
5175
5177
5206
5231
5233
5242
5244
5252
5257
5274
5292
5300
5317
5327
5331
5347
5360
5363
5369
5372
5373
5379
5387
5391
5398
5405
5409
5422
5445
5450
5454
5474
5502
5516
5555
5559
5579
5581
5585
5590
5602
5618
5634
5636
5637
5656
5693
5730
5732
5744
5761
5769
5772
5779
5781
5785
5791
5799
5806
5816
5818
5829
5837
5853
5865
5868
5874
5875
5876
5878
5882
5885
5893
5921
5922
5926
5940
5941
5946
5950
5961
5977
5984
5998
6021
6023
6031
6035
6041
6051
6054
6055
6064
6070
6071
6073
6086
6091
6093
6120
6131
6148
6153
6160
6161
6165
6176
6183
6184
6187
6202
6209
6212
6215
6224
6229
6234
6245
6250
6254
6258
6264
6267
6271
6273
6275
6280
6287
6303
6318
6325
6327
6348
6352
6353
6359
6362
6389
6390
6396
6401
6420
6430
6440
6469
6473
6491
6525
6583
6635
6667
6690
6707
6729
6736
6741
6744
6745
6748
6753
6761
6763
6764
6784
6786
6835
6840
6861
6875
6877
6881
6896
6910
6914
6917
6924
6927
6931
6932
6936
6937
6970
6987
6996
7009
7034
7062
7063
7070
7085
7087
7090
7095
7104
7106
7108
7130
7159
7178
7181
7186
7190
7218
7220
7224
7225
7248
7254
7256
7260
7281
7288
7305
7313
7315
7336
7353
7356
7362
7364
7384
7396
7398
7401
7406
7409
7423
7426
7429
7448
7453
7467
7479
7483
7488
7499
7500
7510
7529
7530
7538
7539
7543
7577
7587
7592
7597
7630
7633
7638
7643
7644
7660
7661
7686
7695
7699
7701
7711
7713
7720
7723
7726
7743
7760
7761
7774
7785
7797
7811
7821
7823
7842
7870
7872
7873
7886
7914
7930
7939
7940
7967
7978
7981
7988
8004
8032
8036
8039
8041
8045
8047
8066
8067
8083
8084
8085
8090
8129
8140
8144
8162
8173
8197
8205
8214
8216
8217
8239
8247
8258
8275
8277
8278
8280
8298
8302
8307
8322
8330
8354
8355
8378
8383
8399
8421
8433
8464
8467
8478
8485
8492
8493
8495
8501
8508
8520
8522
8523
8526
8531
8545
8550
8551
8583
8595
8602
8612
8629
8648
8683
8685
8687
8701
8704
8762
8776
8781
8789
8790
8797
8810
8814
8817
8826
8848
8857
8862
8876
8880
8890
8894
8904
8908
8929
8934
8941
8952
8961
8975
8986
9001
9008
9014
9015
9030
9047
9053
9066
9069
9079
9081
9101
9103
9104
9111
9118
9124
9125
9142
9152
9160
9165
9167
9177
9191
9203
9220
9224
9246
9257
9258
9267
9277
9278
9280
9282
9321
9324
9338
9347
9355
9360
9362
9363
9370
9406
9410
9411
9426
9443
9447
9460
9464
9472
9488
9511
9522
9530
9534
9542
9546
9551
9560
9561
9562
9563
9569
9578
9581
9608
9611
9625
9626
9630
9631
9636
9652
9674
9677
9678
9694
9706
9711
9712
9716
9737
9746
9756
9758
9759
9796
9814
9850
9861
9864
9866
9908
9912
9915
9918
9927
9967
9977
9979
9982
10001
10008
10013
10051
10061
10064
10076
10086
10087
10091
10096
10106
10107
10114
10122
10130
10136
10140
10181
10184
10202
10216
10218
10226
10230
10240
10243
10247
10260
10267
10283
10290
10296
10315
10317
10319
10322
10329
10332
10336
10347
10351
10352
10356
10382
10388
10394
10396
10405
10426
10430
10434
10437
10458
10461
10469
10494
10499
10506
10507
10519
10520
10543
10567
10572
10588
10590
10623
10647
10648
10649
10651
10668
10697
10700
10704
10711
10714
10728
10730
10739
10756
10763
10767
10786
10798
10803
10807
10813
10843
10846
10849
10851
10862
10865
10870
10879
10885
10888
10906
10928
10935
10938
10945
10946
10949
10955
10970
10979
10982
10985
10986
10992
10997
11007
11022
11024
11026
11027
11033
11035
11053
11085
11094
11112
11121
11123
11129
11131
11146
11160
11172
11184
11188
11191
11204
11205
11218
11225
11239
11250
11257
11261
11270
11278
11287
11289
11311
11320
11322
11335
11369
11376
11400
11410
11454
11470
11471
11477
11478
11479
11485
11500
11511
11527
11530
11546
11552
11568
11575
11576
11580
11594
11609
11621
11637
11640
11656
11664
11674
11692
11694
11699
11702
11707
11709
11715
11716
11726
11730
11739
11743
11786
11789
11840
11853
11877
11880
11884
11889
11890
11892
11896
11900
11918
11930
11940
11958
11959
11962
11966
11968
11977
11989
11998
12001
12005
12007
12021
12032
12047
12055
12063
12068
12082
12083
12116
12117
12123
12128
12133
12138
12149
12151
12172
12181
12184
12190
12210
12212
12223
12226
12240
12249
12263
12264
12266
12291
12302
12316
12329
12333
12334
12335
12336
12348
12370
12387
12393
12404
12410
12421
12432
12439
12444
12445
12450
12469
12473
12481
12494
12505
12507
12513
12523
12534
12535
12538
12539
12553
12563
12566
12574
12583
12588
12609
12617
12624
12625
12628
12637
12645
12656
12661
12664
12678
12680
12681
12686
12688
12701
12704
12710
12735
12752
12769
12775
12789
12790
12797
12807
12812
12837
12841
12843
12845
12866
12868
12870
12878
12879
12883
12903
12910
12913
12928
12930
12934
12941
12944
12948
12951
12977
12984
12985
12991
12992
12997
12999
13007
13026
13036
13037
13044
13059
13061
13072
13074
13078
13079
13086
13102
13123
13131
13133
13138
13139
13142
13149
13177
13178
13189
13196
13214
13245
13246
13263
13275
13281
13328
13335
13351
13352
13353
13362
13385
13396
13401
13410
13413
13415
13423
13428
13462
13463
13471
13475
13477
13487
13491
13497
13511
13527
13534
13543
13546
13550
13567
13588
13627
13634
13637
13642
13644
13658
13668
13674
13703
13706
13725
13736
13737
13746
13761
13769
13780
13782
13796
13801
13806
13820
13825
13831
13836
13839
13886
13890
13892
13911
13924
13950
13961
13978
14028
14031
14044
14045
14053
14063
14067
14078
14096
14102
14104
14113
14119
14126
14128
14129
14165
14173
14191
14194
14195
14200
14201
14202
14209
14220
14222
14231
14251
14254
14264
14265
14266
14267
14281
14291
14292
14305
14329
14336
14360
14370
14386
14389
14404
14411
14427
14430
14458
14467
14469
14477
14485
14488
14495
14511
14512
14519
14528
14530
14533
14555
14571
14575
14577
14601
14627
14647
14664
14668
14709
14711
14724
14741
14758
14772
14794
14798
14807
14816
14821
14824
14829
14846
14854
14864
14872
14905
14909
14936
14953
14955
14959
15002
15019
15029
15031
15041
15042
15050
15059
15081
15086
15125
15143
15144
15151
15154
15163
15199
15201
15213
15231
15254
15260
15263
15264
15265
15273
15289
15301
15311
15314
15318
15345
15348
15376
15385
15398
15418
15419
15423
15449
15455
15465
15468
15473
15477
15491
15494
15521
15539
15553
15559
15567
15574
15591
15592
15604
15605
15615
15626
15644
15649
15651
15668
15676
15679
15731
15753
15758
15799
15802
15834
15836
15842
15843
15855
15860
15863
15866
15891
15918
15935
15951
15956
15957
15973
15981
15985
15987
16005
16023
16042
16054
16075
16089
16095
16106
16120
16178
16186
16189
16210
16216
16224
16226
16229
16233
16262
16275
16277
16287
16304
16307
16309
16325
16327
16335
16340
16346
16348
16357
16365
16371
16377
16379
16380
16397
16413
16432
16439
16487
16490
16495
16500
16515
16518
16539
16540
16554
16559
16564
16578
16580
16591
16614
16630
16632
16635
16639
16656
16669
16673
16705
16709
16723
16729
16765
16768
16792
16795
16798
16807
16809
16830
16839
16845
16847
16850
16871
16885
16890
16903
16909
16925
16947
16952
16986
17000
17015
17017
17024
17038
17044
17064
17067
17072
17092
17102
17104
17116
17125
17130
17152
17161
17171
17179
17182
17184
17201
17202
17212
17213
17215
17222
17224
17226
17262
17270
17275
17276
17277
17293
17296
17306
17310
17322
17327
17336
17358
17361
17404
17427
17428
17433
17444
17466
17505
17507
17514
17534
17545
17555
17556
17564
17568
17569
17574
17602
17631
17638
17639
17640
17642
17660
17671
17715
17722
17730
17733
17737
17752
17756
17762
17767
17775
17794
17802
17804
17806
17813
17825
17827
17831
17832
17857
17858
17860
17873
17885
17892
17912
17915
17916
17918
17937
17949
17953
17954
17957
17968
17980
17981
17988
17998
18001
18013
18014
18033
18087
18093
18095
18102
18107
18123
18138
18157
18159
18165
18166
18174
18179
18180
18185
18193
18201
18204
18213
18217
18218
18220
18238
18242
18255
18273
18294
18310
18328
18349
18351
18366
18374
18383
18385
18393
18414
18421
18431
18453
18461
18478
18479
18492
18498
18519
18520
18531
18548
18607
18609
18613
18629
18631
18634
18672
18679
18693
18699
18708
18712
18714
18727
18739
18753
18778
18798
18801
18817
18818
18827
18832
18854
18873
18890
18895
18898
18899
18906
18907
18912
18915
18933
18945
18947
18949
18963
18970
18974
18996
19001
19003
19014
19019
19022
19024
19032
19038
19040
19052
19058
19063
19064
19067
19081
19094
19105
19115
19124
19127
19148
19158
19177
19181
19185
19194
19195
19210
19212
19218
19242
19244
19246
19261
19271
19279
19281
19294
19310
19315
19324
19335
19336
19348
19351
19354
19358
19359
19371
19372
19381
19385
19403
19436
19446
19457
19468
19470
19475
19488
19492
19500
19506
19514
19522
19537
19549
19552
19555
19565
19570
19574
19581
19599
19621
19623
19632
19637
19648
19712
19719
19726
19728
19753
19754
19760
19768
19775
19776
19777
19781
19786
19787
19794
19805
19809
19812
19817
19820
19836
19847
19856
19871
19876
19879
19882
19891
19903
19905
19906
19917
19924
19925
19940
19954
19959
19964
19966
19968
19972
19982
19985
19993
19994
19996
20016
20023
20034
20038
20039
20042
20048
20049
20051
20057
20067
20074
20077
20091
20098
20102
20110
20121
20158
20160
20161
20189
20192
20217
20224
20243
20255
20256
20257
20263
20289
20293
20296
20319
20333
20336
20338
20339
20345
20346
20347
20364
20368
20381
20390
20394
20398
20400
20425
20438
20469
20471
20475
20518
20521
20524
20529
20530
20534
20537
20545
20574
20604
20616
20621
20631
20646
20660
20661
20664
20666
20674
20677
20685
20686
20690
20696
20714
20740
20759
20771
20785
20787
20825
20857
20866
20867
20876
20883
20888
20889
20891
20894
20895
20896
20899
20900
20913
20915
20929
20941
20944
20945
20975
20982
20983
21025
21027
21055
21065
21075
21077
21091
21095
21105
21112
21113
21123
21128
21175
21187
21202
21203
21207
21218
21234
21242
21247
21275
21293
21297
21335
21349
21357
21369
21377
21390
21392
21394
21396
21398
21410
21412
21429
21432
21461
21462
21467
21472
21477
21496
21532
21533
21535
21558
21559
21574
21600
21601
21610
21611
21656
21684
21685
21689
21698
21701
21718
21720
21729
21733
21741
21752
21753
21755
21767
21768
21779
21780
21781
21788
21818
21832
21837
21844
21853
21861
21863
21899
21904
21907
21909
21930
21936
21943
21955
21971
21992
21996
21998
22013
22019
22030
22037
22041
22057
22062
22065
22067
22086
22109
22115
22118
22126
22162
22164
22179
22180
22186
22190
22203
22205
22211
22217
22223
22235
22246
22282
22290
22311
22333
22338
22353
22354
22355
22358
22359
22361
22364
22381
22402
22404
22412
22416
22419
22437
22451
22460
22468
22473
22494
22495
22500
22504
22508
22512
22513
22530
22538
22546
22565
22568
22572
22583
22588
22589
22609
22611
22632
22653
22656
22670
22677
22687
22688
22696
22702
22705
22709
22712
22714
22723
22736
22763
22787
22791
22795
22801
22805
22806
22808
22816
22852
22877
22897
22905
22909
22915
22917
22933
22943
22948
22963
22980
22986
22998
23008
23009
23015
23018
23053
23079
23089
23091
23104
23107
23117
23138
23149
23169
23178
23204
23208
23211
23212
23233
23242
23246
23252
23255
23261
23266
23267
23273
23279
23287
23302
23317
23322
23323
23360
23375
23390
23391
23393
23396
23397
23401
23416
23417
23423
23424
23457
23473
23490
23497
23501
23506
23516
23517
23525
23537
23543
23559
23570
23599
23602
23606
23614
23622
23626
23641
23642
23655
23657
23660
23663
23684
23690
23694
23760
23777
23786
23790
23798
23799
23814
23819
23836
23853
23866
23872
23888
23900
23908
23921
23929
23935
23938
23948
23949
23950
23960
23962
23966
23968
23984
23985
23990
24015
24017
24020
24021
24028
24042
24056
24069
24072
24080
24092
24104
24106
24107
24121
24129
24192
24212
24213
24219
24235
24236
24243
24246
24267
24275
24301
24319
24347
24353
24385
24391
24395
24398
24411
24416
24426
24441
24459
24460
24473
24485
24509
24514
24520
24536
24549
24581
24587
24601
24610
24617
24625
24636
24647
24661
24683
24687
24699
24705
24706
24710
24714
24723
24725
24729
24749
24757
24770
24774
24776
24802
24808
24824
24827
24828
24851
24864
24870
24872
24879
24896
24902
24917
24925
24964
24965
24972
24974
25000
25007
25012
25016
25040
25041
25065
25067
25092
25104
25117
25127
25133
25143
25182
25188
25202
25216
25226
25230
25231
25246
25252
25253
25256
25257
25269
25270
25285
25287
25289
25305
25312
25315
25321
25340
25354
25358
25359
25366
25376
25378
25380
25390
25394
25395
25397
25408
25415
25430
25436
25447
25472
25484
25488
25518
25525
25527
25536
25538
25557
25559
25561
25565
25577
25590
25599
25604
25608
25623
25636
25643
25658
25665
25671
25673
25679
25703
25705
25708
25711
25712
25716
25727
25743
25765
25771
25788
25793
25801
25803
25812
25816
25823
25848
25863
25878
25881
25887
25888
25907
25912
25920
25934
25937
25958
25959
25961
25967
25971
25974
25986
25994
25997
26000
26009
26031
26039
26054
26063
26074
26076
26077
26096
26115
26135
26151
26164
26168
26169
26172
26205
26214
26220
26232
26235
26242
26244
26249
26266
26270
26275
26294
26295
26297
26301
26302
26306
26319
26324
26331
26380
26399
26415
26418
26433
26435
26439
26456
26470
26473
26478
26484
26500
26505
26511
26529
26530
26536
26542
26543
26549
26561
26579
26587
26644
26650
26656
26672
26677
26686
26714
26715
26720
26727
26744
26746
26757
26768
26777
26782
26806
26832
26833
26854
26895
26903
26905
26915
26924
26940
26948
26950
26964
26969
27000
27001
27010
27025
27027
27029
27031
27068
27119
27122
27130
27132
27148
27156
27183
27188
27211
27213
27219
27227
27228
27229
27233
27264
27274
27282
27298
27315
27317
27319
27345
27351
27352
27365
27372
27380
27381
27383
27385
27390
27391
27393
27397
27402
27411
27426
27430
27434
27462
27463
27464
27492
27501
27502
27511
27513
27521
27526
27530
27554
27565
27571
27572
27587
27592
27610
27620
27621
27634
27635
27646
27649
27651
27657
27662
27664
27668
27680
27684
27685
27693
27708
27719
27722
27723
27731
27735
27739
27749
27754
27800
27803
27836
27838
27841
27860
27878
27890
27900
27907
27908
27923
27952
27980
27991
27994
27999
28013
28041
28061
28094
28112
28145
28147
28152
28180
28181
28187
28202
28203
28205
28207
28215
28221
28229
28257
28272
28276
28280
28289
28291
28298
28322
28327
28328
28332
28344
28348
28354
28385
28417
28437
28451
28458
28462
28463
28465
28485
28494
28497
28507
28509
28510
28517
28518
28522
28532
28540
28549
28550
28569
28575
28577
28595
28601
28607
28614
28620
28622
28625
28631
28636
28643
28646
28663
28669
28673
28683
28687
28693
28695
28697
28701
28707
28745
28752
28777
28784
28787
28813
28822
28824
28829
28847
28853
28864
28865
28879
28881
28893
28908
28923
28935
28947
28950
28955
28958
28965
28977
28981
28994
28997
29011
29031
29033
29034
29052
29070
29077
29078
29085
29096
29104
29107
29119
29128
29147
29148
29157
29163
29186
29192
29227
29244
29280
29301
29319
29324
29327
29328
29330
29352
29361
29364
29420
29442
29446
29509
29533
29536
29542
29551
29552
29558
29560
29562
29563
29579
29588
29594
29604
29610
29611
29630
29651
29665
29667
29677
29679
29680
29688
29693
29698
29700
29706
29709
29716
29717
29720
29729
29747
29750
29767
29788
29801
29805
29808
29822
29841
29848
29859
29866
29869
29878
29914
29923
29926
29931
29963
29969
29994
29998
29999
30000
30003
30004
30023
30025
30038
30046
30052
30088
30100
30110
30115
30119
30125
30127
30128
30129
30140
30180
30183
30188
30200
30204
30208
30240
30243
30245
30246
30263
30276
30280
30296
30312
30320
30324
30325
30328
30335
30338
30344
30353
30356
30372
30373
30380
30394
30401
30406
30449
30450
30451
30458
30484
30499
30508
30509
30514
30525
30526
30531
30535
30540
30557
30560
30568
30572
30584
30654
30671
30675
30686
30691
30701
30716
30721
30727
30734
30743
30750
30751
30764
30774
30780
30792
30798
30799
30801
30802
30803
30806
30815
30838
30843
30858
30860
30861
30868
30872
30873
30887
30890
30922
30926
30927
30931
30941
30944
30958
30960
30968
30979
30985
30988
31004
31006
31015
31020
31029
31035
31041
31058
31071
31084
31107
31122
31145
31149
31169
31170
31179
31186
31193
31227
31230
31242
31255
31256
31261
31266
31272
31280
31298
31321
31333
31340
31349
31362
31371
31389
31397
31400
31401
31407
31412
31427
31440
31446
31453
31459
31470
31472
31483
31490
31492
31504
31512
31514
31540
31545
31553
31564
31572
31577
31581
31582
31586
31589
31624
31629
31632
31633
31652
31665
31673
31678
31682
31689
31693
31711
31712
31715
31718
31732
31739
31741
31744
31750
31768
31785
31788
31799
31811
31823
31844
31845
31855
31864
31880
31886
31897
31930
31935
31939
31955
31962
31972
31976
31988
31989
31992
32013
32014
32019
32021
32023
32026
32042
32043
32047
32049
32056
32084
32104
32106
32107
32154
32157
32158
32162
32170
32188
32189
32199
32214
32254
32272
32275
32303
32313
32327
32344
32353
32362
32372
32385
32396
32397
32401
32404
32411
32417
32431
32448
32449
32455
32461
32473
32499
32506
32511
32512
32522
32530
32537
32541
32544
32546
32550
32560
32579
32589
32604
32638
32639
32642
32654
32658
32663
32690
32693
32695
32701
32721
32750
32769
32781
32793
32795
32806
32817
32836
32847
32850
32851
32853
32877
32879
32883
32893
32909
32914
32924
32925
32944
32945
32947
32950
32966
32985
33007
33019
33021
33024
33044
33069
33070
33071
33080
33083
33089
33120
33127
33135
33141
33152
33181
33197
33214
33216
33227
33228
33231
33234
33235
33244
33252
33256
33272
33283
33288
33289
33295
33297
33299
33302
33305
33309
33310
33311
33314
33327
33342
33349
33361
33364
33370
33383
33402
33409
33420
33424
33425
33447
33468
33476
33491
33520
33526
33528
33534
33541
33551
33558
33569
33594
33597
33609
33610
33625
33629
33635
33649
33651
33660
33662
33664
33691
33706
33708
33714
33716
33722
33728
33730
33741
33748
33749
33765
33768
33778
33779
33796
33804
33841
33843
33848
33851
33866
33868
33875
33887
33909
33910
33931
33932
33933
33934
33939
33942
33961
33968
33986
33987
33991
33993
34004
34040
34066
34089
34092
34110
34130
34158
34175
34186
34193
34196
34210
34214
34217
34219
34235
34254
34255
34265
34267
34280
34281
34283
34289
34304
34308
34321
34324
34362
34365
34369
34388
34405
34419
34422
34428
34432
34434
34435
34438
34442
34449
34450
34457
34458
34484
34490
34507
34519
34535
34536
34558
34561
34563
34566
34574
34575
34577
34580
34587
34599
34615
34617
34619
34620
34636
34640
34671
34683
34684
34687
34698
34699
34713
34719
34720
34728
34741
34756
34763
34765
34778
34780
34814
34815
34856
34862
34868
34892
34904
34907
34912
34939
34960
34986
35003
35022
35028
35044
35047
35058
35068
35069
35079
35087
35095
35115
35125
35153
35157
35158
35171
35188
35190
35216
35230
35243
35248
35263
35286
35308
35311
35388
35396
35412
35417
35459
35460
35463
35469
35482
35488
35489
35499
35500
35501
35503
35506
35523
35526
35557
35568
35573
35581
35587
35597
35601
35610
35611
35624
35650
35654
35718
35726
35728
35783
35786
35795
35804
35819
35825
35830
35838
35851
35857
35860
35863
35879
35882
35887
35909
35911
35918
35919
35921
35932
35937
35959
35963
35971
35995
36003
36010
36039
36049
36050
36051
36055
36062
36071
36073
36088
36103
36115
36125
36128
36136
36138
36140
36177
36181
36183
36190
36211
36212
36213
36237
36242
36243
36253
36256
36262
36275
36284
36302
36328
36337
36345
36356
36362
36363
36369
36374
36395
36397
36416
36433
36452
36456
36457
36459
36487
36490
36502
36512
36515
36530
36544
36547
36550
36563
36575
36577
36578
36587
36595
36612
36614
36622
36624
36633
36634
36641
36664
36667
36669
36692
36708
36716
36718
36731
36739
36745
36757
36764
36765
36784
36789
36798
36800
36813
36825
36832
36840
36842
36866
36876
36877
36884
36903
36904
36914
36928
36943
36954
36970
36975
36986
36999
37020
37021
37030
37034
37038
37062
37064
37082
37085
37088
37090
37093
37098
37104
37108
37110
37114
37116
37143
37159
37167
37178
37191
37203
37209
37221
37225
37232
37258
37259
37269
37295
37315
37323
37329
37332
37338
37346
37358
37363
37367
37384
37396
37412
37413
37427
37442
37444
37452
37467
37505
37526
37529
37545
37552
37567
37579
37584
37597
37609
37624
37631
37636
37638
37656
37669
37684
37725
37727
37732
37735
37738
37747
37772
37773
37792
37820
37821
37833
37841
37843
37865
37873
37879
37880
37888
37898
37910
37915
37923
37924
37936
37948
37950
37953
37965
37971
38003
38020
38021
38022
38048
38062
38066
38067
38068
38076
38082
38091
38096
38111
38129
38143
38158
38180
38182
38192
38220
38254
38299
38305
38308
38324
38348
38355
38362
38379
38388
38390
38391
38392
38395
38401
38405
38415
38426
38440
38441
38444
38445
38447
38455
38460
38463
38490
38507
38537
38546
38554
38571
38586
38587
38592
38600
38612
38632
38648
38650
38655
38656
38661
38663
38666
38673
38698
38726
38731
38745
38747
38750
38759
38761
38790
38795
38807
38812
38837
38850
38862
38863
38866
38896
38901
38906
38928
38929
38937
38943
38955
38963
38969
38988
39012
39014
39018
39035
39058
39060
39068
39083
39106
39121
39126
39130
39146
39148
39149
39151
39183
39185
39214
39217
39218
39220
39235
39274
39277
39288
39305
39317
39322
39331
39335
39337
39340
39353
39356
39358
39360
39370
39383
39387
39391
39394
39412
39413
39415
39425
39427
39459
39463
39465
39478
39487
39491
39498
39519
39525
39571
39601
39620
39647
39658
39662
39665
39666
39669
39684
39696
39708
39712
39726
39728
39734
39763
39766
39771
39792
39794
39816
39820
39837
39883
39886
39894
39940
39945
39951
39952
39954
39960
39972
39994
40005
40024
40027
40048
40055
40083
40086
40087
40098
40099
40111
40113
40119
40165
40183
40193
40204
40208
40223
40228
40233
40251
40259
40277
40309
40330
40337
40341
40363
40364
40380
40381
40386
40396
40401
40414
40417
40418
40421
40427
40460
40466
40477
40478
40481
40487
40489
40490
40493
40494
40495
40501
40502
40506
40519
40520
40521
40535
40546
40551
40555
40561
40576
40579
40593
40606
40607
40659
40705
40714
40737
40740
40746
40747
40751
40753
40762
40769
40780
40791
40794
40808
40812
40816
40823
40839
40872
40879
40894
40901
40917
40921
40928
40946
40957
40962
40964
40986
41006
41013
41030
41035
41039
41044
41066
41080
41103
41115
41123
41145
41158
41172
41191
41196
41200
41211
41214
41222
41227
41238
41239
41254
41259
41260
41281
41282
41284
41299
41322
41327
41330
41345
41348
41353
41360
41377
41384
41389
41390
41395
41426
41432
41439
41442
41454
41460
41461
41469
41478
41492
41505
41528
41536
41537
41552
41558
41563
41572
41587
41605
41609
41614
41615
41621
41626
41631
41640
41646
41650
41675
41717
41738
41744
41768
41787
41792
41797
41800
41805
41810
41824
41839
41840
41842
41850
41853
41883
41888
41891
41912
41941
41959
41961
41985
41986
41998
41999
42011
42019
42023
42057
42064
42069
42074
42092
42096
42111
42123
42152
42184
42209
42216
42222
42238
42241
42242
42263
42264
42265
42297
42301
42305
42306
42311
42348
42352
42357
42379
42380
42397
42407
42410
42428
42448
42461
42462
42463
42483
42484
42489
42498
42508
42513
42514
42535
42538
42551
42553
42578
42591
42599
42610
42613
42623
42625
42632
42633
42634
42645
42661
42664
42685
42690
42711
42712
42715
42727
42730
42735
42750
42755
42759
42768
42772
42776
42777
42779
42780
42781
42782
42795
42807
42813
42820
42822
42828
42833
42853
42855
42856
42857
42873
42879
42887
42895
42907
42911
42921
42934
42937
42943
42947
42979
42988
42992
43000
43011
43025
43038
43043
43049
43058
43063
43071
43077
43084
43097
43099
43100
43107
43115
43127
43129
43137
43143
43150
43159
43161
43172
43186
43209
43215
43219
43228
43233
43263
43266
43286
43304
43306
43316
43324
43325
43340
43350
43355
43380
43384
43385
43392
43412
43413
43420
43422
43426
43485
43488
43507
43531
43540
43553
43601
43622
43626
43629
43675
43703
43711
43715
43726
43740
43741
43742
43766
43769
43772
43777
43785
43788
43796
43811
43840
43857
43858
43862
43875
43879
43895
43899
43901
43907
43915
43919
43920
43925
43927
43929
43954
43956
43967
43982
43990
43993
44008
44011
44022
44027
44029
44060
44069
44073
44083
44091
44107
44114
44122
44126
44130
44132
44144
44146
44150
44160
44169
44176
44184
44188
44192
44206
44219
44226
44246
44255
44264
44288
44292
44293
44299
44313
44323
44330
44334
44353
44380
44381
44392
44394
44401
44408
44411
44418
44421
44429
44440
44450
44461
44466
44482
44488
44519
44544
44570
44586
44587
44594
44603
44616
44623
44624
44635
44657
44679
44691
44708
44712
44717
44726
44776
44777
44788
44800
44816
44818
44819
44836
44841
44853
44857
44887
44891
44899
44927
44929
44965
44970
44971
44973
44975
44978
44980
45015
45025
45028
45033
45036
45040
45056
45096
45098
45102
45103
45111
45137
45146
45160
45175
45176
45177
45193
45194
45224
45226
45240
45256
45274
45291
45304
45312
45323
45344
45346
45354
45364
45374
45381
45384
45398
45402
45409
45410
45411
45415
45421
45430
45433
45437
45442
45455
45461
45470
45472
45480
45482
45487
45488
45500
45501
45507
45509
45518
45533
45540
45575
45578
45580
45582
45602
45610
45613
45620
45621
45622
45626
45628
45630
45640
45650
45693
45706
45722
45759
45788
45793
45807
45810
45821
45841
45846
45862
45871
45872
45878
45883
45887
45893
45913
45945
45947
45951
45959
45986
45987
46006
46039
46044
46051
46069
46071
46148
46156
46163
46165
46168
46171
46181
46237
46247
46261
46283
46284
46299
46312
46313
46315
46318
46325
46330
46334
46338
46339
46356
46360
46362
46367
46370
46387
46402
46422
46424
46437
46441
46463
46467
46472
46475
46480
46482
46501
46504
46509
46513
46515
46522
46528
46533
46541
46561
46575
46577
46581
46589
46626
46635
46646
46647
46664
46670
46681
46727
46728
46737
46740
46743
46748
46757
46781
46789
46793
46812
46820
46826
46827
46834
46855
46858
46871
46896
46904
46911
46945
46946
46947
46951
46952
46956
46961
46968
46974
46996
47027
47033
47035
47065
47068
47088
47119
47121
47127
47136
47141
47152
47153
47168
47180
47195
47209
47217
47244
47252
47254
47260
47270
47279
47288
47290
47294
47297
47322
47324
47339
47360
47373
47382
47422
47423
47431
47434
47439
47446
47450
47461
47468
47475
47488
47495
47503
47517
47520
47524
47526
47531
47576
47579
47595
47598
47600
47627
47631
47645
47649
47653
47663
47672
47700
47712
47720
47724
47762
47765
47792
47795
47796
47800
47809
47827
47837
47840
47849
47857
47859
47886
47888
47893
47900
47920
47934
47943
47946
47948
47957
47958
47962
47991
47993
47999
48017
48031
48046
48049
48057
48066
48075
48107
48110
48114
48122
48128
48130
48139
48143
48147
48152
48156
48162
48164
48166
48172
48186
48216
48224
48240
48247
48250
48258
48264
48274
48275
48313
48317
48329
48338
48339
48361
48369
48392
48395
48398
48416
48421
48440
48451
48459
48479
48485
48495
48504
48533
48543
48545
48557
48580
48609
48614
48617
48635
48636
48642
48645
48655
48657
48659
48685
48688
48693
48740
48746
48781
48792
48800
48810
48818
48824
48828
48846
48850
48866
48890
48897
48905
48909
48928
48936
48941
48943
48950
48951
48954
48957
48976
48984
49005
49013
49024
49031
49032
49035
49039
49052
49075
49084
49096
49122
49134
49139
49163
49168
49169
49183
49194
49207
49208
49214
49215
49236
49239
49248
49262
49281
49283
49296
49312
49319
49320
49321
49325
49355
49362
49365
49369
49374
49379
49395
49398
49401
49407
49410
49416
49420
49434
49439
49447
49456
49469
49505
49512
49517
49519
49523
49532
49533
49548
49552
49560
49563
49582
49595
49614
49619
49656
49659
49660
49664
49679
49692
49708
49721
49728
49729
49733
49741
49748
49755
49772
49797
49807
49808
49811
49831
49835
49839
49844
49847
49854
49863
49870
49889
49890
49906
49913
49918
49933
49942
49951
49957
49964
49974
49985
49994
50001
50021
50054
50066
50067
50105
50107
50110
50133
50146
50151
50163
50169
50172
50197
50199
50201
50221
50225
50236
50242
50250
50253
50258
50264
50265
50268
50274
50279
50282
50285
50304
50321
50323
50331
50333
50339
50382
50385
50386
50394
50429
50443
50449
50456
50460
50473
50475
50485
50497
50514
50516
50536
50546
50569
50571
50574
50576
50578
50585
50609
50615
50617
50630
50651
50669
50679
50691
50749
50762
50767
50783
50791
50800
50818
50819
50820
50828
50855
50884
50890
50898
50907
50913
50924
50938
50958
50971
50981
50984
50986
50991
50995
51003
51013
51023
51024
51048
51061
51062
51079
51090
51094
51115
51124
51137
51144
51160
51161
51185
51195
51224
51228
51260
51293
51322
51323
51343
51349
51354
51357
51359
51371
51372
51383
51391
51417
51418
51432
51443
51469
51471
51485
51489
51495
51496
51502
51503
51525
51526
51533
51546
51550
51551
51555
51577
51579
51582
51593
51604
51609
51610
51620
51632
51647
51648
51651
51655
51685
51703
51709
51725
51744
51750
51756
51759
51760
51765
51771
51784
51791
51795
51804
51807
51811
51814
51830
51887
51897
51903
51910
51932
51949
51951
51959
51971
51976
51981
52004
52009
52063
52074
52077
52078
52088
52104
52150
52158
52186
52187
52193
52196
52197
52215
52247
52255
52260
52285
52287
52291
52296
52314
52361
52374
52388
52391
52432
52433
52442
52451
52463
52465
52470
52502
52518
52519
52530
52536
52567
52579
52585
52588
52600
52601
52602
52618
52661
52666
52678
52680
52687
52707
52708
52739
52751
52753
52793
52817
52825
52830
52834
52855
52865
52868
52871
52888
52905
52928
52938
52964
52966
52970
52973
52974
52981
52985
52988
52992
52997
53004
53010
53015
53017
53025
53030
53039
53069
53074
53084
53092
53096
53101
53104
53112
53140
53149
53164
53171
53176
53191
53205
53214
53220
53223
53224
53228
53243
53252
53255
53261
53263
53266
53270
53273
53279
53281
53293
53298
53309
53310
53312
53319
53323
53344
53346
53351
53352
53366
53371
53373
53384
53389
53393
53398
53400
53401
53407
53414
53419
53429
53433
53435
53466
53472
53480
53481
53488
53494
53496
53551
53559
53606
53607
53608
53609
53614
53635
53641
53642
53649
53691
53727
53729
53740
53743
53777
53790
53793
53805
53808
53819
53831
53839
53846
53870
53893
53904
53911
53924
53927
53933
53936
53951
53953
53956
53968
53970
53982
53990
54001
54019
54026
54031
54043
54048
54050
54074
54132
54141
54148
54149
54163
54172
54180
54182
54193
54197
54198
54203
54204
54206
54209
54213
54224
54229
54241
54305
54306
54314
54328
54330
54332
54368
54372
54386
54388
54391
54392
54393
54417
54421
54425
54429
54464
54467
54472
54477
54479
54500
54511
54519
54521
54527
54528
54533
54540
54550
54582
54608
54629
54637
54640
54661
54663
54669
54675
54678
54680
54693
54699
54735
54742
54759
54769
54784
54796
54797
54808
54809
54820
54825
54829
54840
54857
54864
54878
54916
54962
54963
54966
54970
54977
54980
54981
54986
54987
54988
55017
55018
55020
55023
55027
55031
55036
55037
55042
55064
55070
55079
55100
55114
55124
55137
55154
55155
55180
55210
55224
55238
55256
55259
55264
55267
55284
55302
55321
55323
55346
55348
55349
55353
55359
55375
55382
55386
55399
55401
55407
55410
55438
55443
55450
55451
55461
55463
55485
55496
55524
55528
55536
55538
55540
55543
55544
55546
55547
55553
55561
55568
55585
55593
55597
55610
55611
55641
55649
55651
55667
55670
55673
55678
55682
55683
55688
55689
55690
55712
55716
55744
55765
55774
55779
55783
55784
55810
55816
55824
55832
55838
55848
55854
55859
55863
55889
55901
55911
55920
55921
55937
55942
55971
55976
55981
55988
55992
55994
55995
55996
56005
56010
56017
56042
56048
56060
56063
56067
56075
56081
56084
56105
56119
56122
56136
56137
56139
56162
56171
56176
56189
56201
56215
56223
56231
56254
56265
56266
56267
56281
56282
56290
56319
56339
56354
56366
56371
56373
56378
56398
56399
56402
56412
56434
56444
56491
56514
56527
56530
56542
56544
56545
56549
56554
56571
56572
56575
56584
56593
56599
56602
56604
56611
56614
56619
56633
56636
56638
56642
56649
56652
56655
56665
56671
56678
56695
56708
56717
56721
56754
56775
56776
56788
56798
56806
56807
56812
56816
56817
56818
56841
56864
56874
56880
56882
56886
56891
56904
56905
56906
56907
56910
56915
56928
56941
56943
56952
57000
57002
57003
57026
57033
57034
57036
57045
57049
57051
57062
57070
57076
57081
57102
57109
57111
57112
57127
57129
57131
57138
57140
57162
57170
57172
57174
57183
57202
57220
57233
57256
57258
57281
57310
57315
57319
57321
57335
57339
57342
57348
57353
57359
57366
57370
57377
57380
57382
57391
57409
57413
57416
57421
57422
57435
57446
57448
57451
57488
57492
57516
57554
57556
57567
57568
57575
57586
57599
57600
57612
57631
57634
57639
57643
57656
57659
57663
57671
57673
57681
57689
57700
57717
57736
57739
57744
57754
57755
57759
57780
57784
57791
57793
57802
57807
57810
57814
57816
57826
57841
57842
57861
57905
57914
57917
57924
57952
57966
57978
57992
57998
58005
58016
58025
58042
58064
58087
58088
58099
58125
58138
58158
58162
58165
58175
58177
58210
58240
58255
58274
58285
58297
58303
58304
58315
58319
58329
58336
58337
58345
58362
58364
58367
58382
58391
58392
58393
58407
58431
58463
58466
58472
58476
58479
58484
58485
58502
58516
58517
58518
58539
58552
58569
58576
58593
58599
58606
58627
58630
58637
58656
58662
58671
58686
58689
58694
58696
58709
58715
58717
58720
58730
58736
58740
58743
58747
58749
58753
58765
58778
58783
58789
58795
58807
58811
58830
58832
58845
58851
58856
58857
58867
58871
58874
58877
58887
58889
58898
58899
58908
58916
58931
58940
58957
58963
58970
58978
58992
58993
59004
59013
59014
59017
59030
59034
59048
59058
59071
59087
59103
59114
59119
59122
59123
59129
59145
59160
59168
59170
59172
59180
59184
59192
59202
59232
59235
59243
59250
59263
59279
59280
59290
59295
59304
59340
59348
59349
59353
59378
59389
59398
59433
59438
59448
59488
59513
59518
59536
59542
59555
59557
59560
59563
59568
59575
59583
59599
59613
59633
59650
59658
59667
59674
59684
59687
59690
59691
59703
59704
59714
59724
59737
59748
59752
59764
59766
59781
59801
59810
59833
59842
59852
59863
59868
59869
59910
59927
59952
59957
59971
59984
59995
59999
60015
60069
60078
60085
60086
60116
60122
60124
60130
60132
60155
60202
60203
60206
60208
60209
60228
60234
60249
60265
60266
60267
60291
60295
60300
60305
60316
60326
60327
60341
60348
60349
60414
60415
60416
60424
60434
60435
60456
60483
60486
60492
60494
60511
60518
60523
60548
60549
60582
60583
60590
60595
60602
60613
60622
60626
60638
60639
60641
60661
60679
60684
60696
60711
60712
60739
60771
60790
60791
60806
60807
60816
60818
60820
60834
60849
60858
60859
60871
60875
60898
60910
60920
60922
60946
60955
60968
60975
60984
61000
61009
61012
61015
61023
61029
61061
61091
61105
61114
61118
61144
61180
61183
61194
61200
61201
61215
61220
61234
61244
61247
61255
61276
61290
61303
61310
61319
61320
61328
61351
61366
61385
61395
61406
61429
61436
61444
61448
61452
61462
61477
61491
61494
61503
61527
61529
61558
61562
61564
61573
61576
61580
61595
61618
61625
61627
61632
61639
61644
61646
61651
61668
61670
61673
61675
61682
61685
61686
61704
61707
61709
61735
61765
61790
61793
61797
61805
61817
61826
61837
61838
61841
61853
61870
61886
61898
61901
61906
61910
61921
61923
61945
61952
61961
61974
61980
61984
61986
61997
62017
62029
62053
62057
62062
62087
62090
62095
62105
62110
62121
62124
62129
62131
62141
62147
62167
62168
62183
62190
62199
62204
62212
62228
62244
62255
62259
62263
62267
62268
62269
62277
62279
62283
62285
62289
62296
62306
62334
62356
62357
62363
62371
62374
62379
62380
62406
62415
62421
62457
62462
62475
62479
62485
62486
62489
62520
62522
62534
62537
62545
62549
62554
62583
62595
62601
62606
62615
62618
62620
62626
62628
62651
62652
62653
62667
62674
62702
62729
62731
62764
62783
62794
62804
62813
62819
62822
62826
62834
62835
62838
62842
62848
62864
62875
62881
62883
62891
62903
62936
62955
62959
62964
62965
62966
62972
62974
62980
62992
63020
63034
63071
63091
63103
63115
63142
63171
63173
63186
63216
63219
63220
63230
63235
63239
63252
63270
63317
63322
63324
63330
63355
63359
63365
63372
63390
63402
63403
63435
63437
63443
63462
63479
63481
63483
63490
63492
63507
63522
63523
63531
63534
63539
63561
63565
63568
63569
63576
63589
63620
63625
63626
63632
63647
63648
63655
63657
63668
63671
63673
63684
63694
63717
63722
63732
63749
63758
63760
63762
63772
63775
63781
63785
63787
63819
63825
63830
63852
63866
63870
63878
63879
63903
63906
63909
63914
63921
63929
63930
63937
63954
63962
63973
63978
63994
64029
64034
64036
64042
64047
64066
64127
64156
64159
64162
64174
64182
64188
64189
64192
64196
64203
64216
64232
64240
64261
64277
64283
64292
64295
64296
64298
64304
64306
64309
64313
64315
64317
64319
64331
64345
64347
64349
64363
64379
64413
64447
64451
64456
64461
64487
64516
64519
64535
64541
64542
64553
64559
64562
64563
64569
64571
64574
64585
64586
64591
64593
64602
64607
64613
64624
64642
64662
64666
64676
64693
64699
64704
64709
64713
64715
64722
64723
64769
64782
64788
64793
64794
64804
64805
64813
64814
64821
64829
64841
64850
64854
64864
64866
64872
64903
64911
64921
64926
64928
64939
64940
64951
64963
64968
64973
64974
64977
65000
65003
65004
65010
65038
65052
65061
65074
65111
65114
65134
65143
65152
65153
65159
65178
65196
65200
65219
65262
65265
65275
65285
65289
65291
65293
65294
65296
65306
65341
65349
65387
65388
65407
65420
65421
65427
65443
65460
65476
65500
65502
65508
65514
65519
65527
65555
65564
65565
65570
65577
65578
65580
65583
65594
65595
65606
65613
65617
65619
65627
65647
65655
65679
65685
65717
65720
65725
65726
65734
65744
65747
65748
65757
65770
65778
65785
65788
65789
65802
65812
65825
65827
65840
65845
65878
65879
65886
65888
65889
65896
65908
65910
65911
65925
65930
65937
65953
65956
65978
66002
66013
66017
66033
66057
66059
66064
66078
66083
66118
66137
66144
66148
66159
66183
66244
66252
66253
66258
66262
66283
66289
66297
66324
66359
66373
66375
66386
66408
66424
66430
66437
66441
66444
66448
66455
66471
66481
66483
66488
66497
66513
66516
66521
66523
66526
66527
66535
66538
66542
66544
66551
66553
66559
66562
66585
66588
66589
66593
66597
66606
66611
66626
66631
66646
66648
66650
66667
66678
66688
66693
66700
66705
66706
66716
66717
66718
66727
66729
66756
66763
66765
66782
66786
66788
66802
66806
66819
66826
66830
66835
66881
66887
66901
66914
66917
66923
66931
66935
66942
66962
66979
66999
67000
67023
67027
67045
67063
67081
67086
67101
67102
67112
67113
67158
67160
67168
67177
67182
67183
67195
67208
67215
67222
67233
67240
67241
67244
67254
67255
67258
67293
67297
67300
67309
67333
67342
67349
67355
67356
67360
67365
67367
67398
67418
67428
67432
67433
67442
67445
67458
67462
67478
67486
67502
67524
67526
67533
67540
67550
67559
67563
67569
67573
67602
67609
67617
67626
67648
67654
67670
67689
67697
67703
67708
67712
67731
67733
67741
67755
67768
67778
67779
67781
67786
67795
67802
67807
67817
67820
67845
67848
67852
67870
67878
67927
67935
67942
67945
67948
67951
67963
67969
67978
67981
67989
67992
67999
68012
68033
68048
68051
68056
68089
68095
68096
68099
68132
68139
68140
68141
68153
68168
68172
68177
68180
68186
68201
68213
68217
68226
68231
68239
68244
68259
68266
68281
68282
68292
68296
68297
68311
68320
68326
68327
68337
68345
68353
68357
68358
68362
68399
68420
68424
68430
68433
68439
68465
68471
68474
68483
68488
68493
68498
68511
68516
68520
68527
68536
68542
68550
68562
68563
68565
68571
68595
68627
68631
68653
68658
68678
68686
68687
68693
68703
68723
68727
68730
68734
68756
68792
68801
68803
68805
68815
68840
68846
68854
68863
68869
68877
68883
68892
68938
68945
68946
68964
68969
68992
68993
68995
69005
69024
69037
69041
69050
69057
69064
69071
69074
69106
69116
69117
69132
69137
69151
69152
69181
69182
69193
69221
69223
69238
69243
69246
69251
69254
69266
69268
69281
69290
69292
69297
69325
69330
69333
69337
69346
69364
69366
69389
69393
69450
69465
69467
69474
69499
69506
69512
69518
69530
69532
69535
69537
69541
69544
69545
69547
69550
69557
69559
69561
69562
69567
69588
69597
69611
69630
69639
69662
69664
69672
69685
69687
69706
69707
69709
69714
69732
69738
69741
69769
69773
69795
69810
69814
69816
69820
69828
69829
69832
69840
69842
69875
69876
69892
69904
69912
69913
69915
69925
69938
69945
69951
69964
69967
69969
69977
69986
69989
69991
70003
70008
70013
70019
70035
70042
70091
70116
70119
70124
70126
70146
70152
70156
70172
70174
70181
70183
70185
70204
70245
70291
70299
70308
70313
70322
70334
70337
70342
70347
70364
70387
70388
70400
70412
70423
70427
70445
70449
70453
70457
70466
70471
70473
70475
70497
70501
70554
70563
70577
70582
70585
70674
70700
70703
70709
70720
70747
70751
70775
70778
70780
70787
70788
70806
70807
70817
70823
70829
70857
70874
70876
70883
70886
70899
70905
70908
70924
70926
70936
70946
70956
70963
70970
70982
70995
71001
71004
71022
71025
71035
71039
71047
71054
71067
71074
71075
71079
71088
71111
71132
71136
71155
71166
71177
71180
71188
71193
71194
71195
71196
71199
71225
71227
71241
71256
71265
71269
71278
71290
71308
71310
71316
71317
71320
71331
71357
71360
71362
71371
71378
71394
71397
71423
71425
71458
71460
71466
71476
71522
71527
71555
71565
71567
71609
71621
71624
71633
71634
71656
71658
71663
71664
71670
71676
71678
71682
71700
71739
71742
71747
71752
71758
71763
71769
71781
71783
71798
71813
71820
71828
71835
71836
71839
71844
71848
71884
71886
71891
71893
71905
71916
71917
71925
71935
71962
71985
71993
71995
72003
72015
72016
72031
72052
72064
72068
72134
72141
72151
72156
72169
72171
72189
72196
72208
72219
72248
72251
72260
72268
72276
72282
72308
72314
72323
72325
72330
72339
72358
72368
72385
72407
72410
72425
72426
72433
72435
72458
72463
72469
72482
72504
72512
72521
72526
72530
72531
72533
72545
72561
72574
72578
72599
72606
72614
72630
72645
72674
72675
72683
72684
72701
72732
72742
72756
72768
72787
72802
72803
72809
72816
72818
72819
72841
72890
72908
72912
72915
72916
72917
72921
72938
72954
72955
72956
72974
72991
72999
73001
73020
73034
73050
73059
73063
73073
73079
73087
73097
73098
73103
73117
73126
73145
73147
73164
73167
73171
73173
73180
73204
73220
73221
73249
73264
73306
73319
73357
73362
73376
73381
73390
73397
73403
73470
73482
73495
73506
73507
73513
73523
73526
73530
73540
73549
73550
73562
73595
73611
73615
73616
73628
73631
73633
73647
73655
73664
73666
73672
73674
73678
73679
73700
73711
73724
73725
73733
73762
73804
73806
73817
73821
73825
73839
73844
73855
73861
73884
73887
73900
73906
73907
73921
73927
73933
73941
73945
73958
73962
73989
73991
73992
74004
74007
74013
74048
74060
74064
74066
74069
74090
74116
74122
74134
74136
74149
74152
74155
74160
74186
74202
74231
74248
74249
74252
74271
74274
74278
74279
74286
74287
74296
74301
74309
74316
74334
74341
74352
74361
74364
74411
74419
74449
74454
74462
74468
74486
74489
74493
74500
74502
74525
74532
74534
74546
74550
74568
74596
74636
74645
74660
74665
74666
74669
74670
74677
74696
74712
74717
74735
74754
74756
74773
74789
74797
74798
74806
74812
74816
74824
74840
74842
74874
74891
74905
74910
74921
74922
74929
74931
74933
74937
74949
74957
74963
74971
74973
74976
74979
74988
75035
75046
75049
75050
75051
75070
75076
75077
75078
75099
75103
75161
75169
75173
75176
75184
75194
75199
75213
75215
75220
75221
75229
75239
75264
75266
75277
75279
75325
75328
75335
75338
75344
75356
75361
75375
75380
75393
75398
75422
75423
75424
75436
75443
75468
75473
75480
75498
75502
75505
75515
75547
75595
75636
75648
75662
75683
75691
75726
75740
75743
75751
75755
75777
75797
75805
75830
75839
75840
75842
75848
75855
75858
75890
75895
75930
75940
75942
75946
75955
75969
75973
75982
76010
76019
76021
76024
76027
76033
76040
76064
76068
76075
76097
76103
76104
76113
76121
76141
76142
76148
76150
76177
76181
76202
76218
76221
76224
76233
76241
76245
76252
76267
76272
76294
76313
76317
76319
76322
76334
76374
76376
76379
76381
76384
76386
76387
76388
76400
76415
76428
76431
76432
76433
76450
76451
76457
76458
76461
76472
76476
76507
76513
76531
76535
76537
76566
76570
76578
76590
76594
76615
76625
76637
76647
76654
76655
76656
76663
76665
76693
76701
76712
76714
76716
76736
76738
76745
76747
76755
76759
76787
76804
76805
76807
76812
76821
76826
76834
76837
76839
76843
76855
76860
76866
76875
76882
76887
76895
76897
76914
76925
76927
76930
76943
76946
76947
76950
76955
76970
76971
76997
77021
77024
77027
77035
77038
77042
77047
77048
77052
77064
77079
77086
77092
77108
77111
77124
77135
77146
77190
77193
77209
77236
77248
77249
77260
77269
77271
77275
77281
77284
77292
77295
77319
77324
77363
77372
77375
77376
77392
77394
77408
77419
77420
77435
77436
77451
77462
77466
77480
77481
77484
77498
77525
77530
77537
77558
77560
77567
77574
77578
77582
77583
77607
77614
77615
77623
77632
77656
77659
77691
77733
77737
77739
77744
77745
77746
77753
77755
77756
77764
77766
77777
77781
77793
77811
77819
77826
77835
77836
77837
77840
77843
77856
77863
77865
77880
77892
77901
77902
77912
77925
77933
77954
77963
77970
77971
77972
77973
77977
77995
77999
78007
78021
78034
78044
78050
78052
78065
78079
78080
78083
78108
78115
78118
78120
78121
78127
78130
78136
78153
78155
78200
78203
78217
78218
78223
78226
78229
78232
78253
78254
78274
78277
78280
78283
78287
78296
78301
78304
78310
78311
78314
78332
78337
78350
78355
78361
78365
78369
78372
78373
78374
78376
78388
78396
78421
78422
78433
78439
78458
78466
78473
78482
78503
78513
78525
78527
78543
78551
78574
78580
78606
78607
78636
78640
78649
78677
78694
78706
78707
78708
78718
78720
78728
78740
78744
78748
78752
78767
78796
78799
78826
78834
78854
78880
78881
78906
78909
78910
78913
78919
78921
78954
78960
78961
78966
78967
78971
78976
78983
78995
79015
79019
79020
79024
79025
79029
79033
79042
79110
79123
79146
79148
79151
79183
79186
79194
79225
79236
79286
79311
79327
79343
79349
79375
79379
79393
79399
79411
79412
79429
79446
79456
79457
79461
79477
79488
79500
79511
79516
79529
79533
79534
79538
79572
79585
79604
79608
79614
79634
79640
79642
79647
79655
79663
79678
79716
79723
79727
79731
79751
79766
79774
79795
79797
79803
79805
79812
79846
79851
79882
79884
79887
79889
79891
79895
79903
79915
79919
79923
79928
79933
79940
79941
79957
79962
79978
79989
80011
80052
80081
80088
80090
80102
80127
80137
80139
80143
80145
80155
80161
80175
80199
80212
80219
80245
80253
80275
80283
80294
80298
80308
80317
80318
80331
80337
80344
80347
80393
80410
80429
80441
80444
80448
80452
80455
80457
80475
80487
80497
80501
80505
80507
80511
80515
80516
80533
80545
80546
80557
80580
80584
80618
80650
80676
80681
80686
80690
80718
80728
80732
80735
80740
80747
80749
80764
80771
80809
80819
80828
80830
80868
80880
80888
80889
80951
80962
80968
80974
80983
80987
80990
81002
81010
81011
81013
81019
81036
81044
81064
81068
81112
81115
81132
81140
81145
81157
81160
81178
81182
81185
81209
81210
81213
81240
81243
81251
81290
81294
81301
81313
81322
81343
81345
81347
81349
81358
81366
81367
81373
81378
81388
81399
81412
81424
81440
81453
81459
81467
81471
81472
81482
81489
81493
81511
81520
81543
81556
81565
81568
81573
81575
81587
81615
81628
81630
81635
81640
81653
81664
81671
81704
81709
81711
81715
81757
81764
81772
81775
81779
81791
81810
81812
81820
81826
81827
81829
81837
81861
81862
81872
81874
81882
81892
81896
81898
81901
81919
81922
81938
81941
81954
81976
81980
82006
82020
82024
82034
82038
82064
82068
82083
82084
82090
82091
82098
82109
82120
82154
82155
82175
82192
82231
82244
82249
82253
82254
82263
82280
82289
82303
82306
82316
82323
82335
82338
82373
82378
82384
82388
82395
82408
82424
82427
82444
82461
82469
82473
82476
82490
82494
82496
82501
82517
82524
82525
82527
82541
82558
82565
82568
82576
82584
82614
82625
82630
82636
82642
82643
82651
82653
82662
82676
82684
82700
82707
82709
82721
82736
82738
82759
82762
82769
82770
82782
82783
82790
82805
82806
82825
82828
82831
82835
82849
82853
82857
82861
82862
82883
82888
82895
82909
82915
82932
82936
82950
82951
82971
82987
83002
83004
83012
83024
83036
83038
83050
83063
83065
83068
83073
83081
83088
83105
83108
83113
83124
83146
83162
83177
83184
83191
83203
83211
83213
83221
83223
83278
83279
83283
83286
83288
83298
83300
83301
83323
83325
83328
83343
83345
83346
83361
83363
83369
83379
83406
83414
83438
83443
83450
83457
83472
83495
83504
83527
83529
83532
83552
83564
83565
83572
83588
83590
83596
83613
83619
83667
83705
83709
83712
83735
83743
83779
83781
83794
83815
83822
83837
83847
83872
83877
83880
83882
83907
83913
83919
83923
83925
83931
83959
83993
83998
84001
84006
84007
84013
84031
84047
84089
84095
84134
84142
84154
84163
84174
84175
84193
84209
84211
84254
84255
84259
84264
84271
84276
84292
84299
84321
84332
84368
84369
84375
84388
84396
84400
84419
84421
84424
84426
84429
84434
84452
84462
84475
84491
84506
84510
84555
84564
84579
84585
84616
84619
84640
84646
84651
84658
84670
84683
84686
84688
84693
84713
84721
84722
84725
84730
84731
84738
84784
84799
84800
84812
84850
84868
84880
84883
84886
84891
84908
84910
84941
84951
84956
84962
84974
84981
84987
84988
85005
85015
85018
85026
85031
85037
85038
85040
85043
85056
85075
85084
85085
85101
85110
85116
85121
85125
85127
85139
85150
85152
85158
85196
85208
85215
85220
85224
85225
85227
85228
85231
85236
85257
85260
85286
85294
85296
85301
85308
85319
85336
85339
85359
85379
85383
85384
85387
85395
85397
85402
85408
85421
85425
85433
85450
85502
85515
85531
85563
85572
85576
85587
85606
85615
85622
85630
85633
85635
85648
85652
85661
85664
85668
85687
85689
85694
85699
85739
85770
85794
85796
85801
85812
85821
85835
85844
85864
85869
85870
85874
85892
85901
85916
85924
85928
85949
85958
85965
85985
85995
85996
85999
86002
86005
86020
86033
86055
86058
86080
86119
86132
86151
86156
86167
86169
86175
86179
86182
86193
86210
86215
86219
86225
86229
86237
86253
86254
86285
86314
86328
86330
86344
86346
86356
86360
86366
86373
86374
86383
86387
86389
86395
86402
86404
86407
86427
86430
86432
86435
86447
86453
86457
86486
86488
86513
86515
86517
86554
86564
86571
86594
86596
86618
86620
86628
86642
86658
86663
86668
86714
86716
86724
86729
86751
86757
86767
86823
86840
86845
86865
86866
86868
86875
86903
86920
86949
86971
86997
87011
87035
87044
87049
87050
87053
87068
87072
87081
87108
87109
87111
87119
87128
87131
87141
87152
87157
87160
87164
87167
87180
87187
87210
87218
87219
87246
87247
87256
87263
87276
87300
87303
87306
87313
87319
87333
87347
87351
87354
87360
87374
87392
87410
87412
87422
87457
87461
87475
87479
87511
87524
87534
87538
87540
87544
87546
87550
87555
87561
87575
87578
87612
87618
87625
87642
87654
87670
87693
87713
87718
87755
87757
87764
87768
87777
87796
87802
87828
87835
87853
87860
87869
87879
87890
87895
87906
87916
87923
87933
87934
87940
87941
87945
87957
87975
88018
88022
88034
88037
88041
88053
88059
88076
88094
88097
88102
88112
88117
88125
88126
88127
88140
88141
88148
88150
88158
88176
88177
88180
88183
88186
88194
88199
88202
88207
88216
88237
88253
88261
88263
88277
88285
88291
88315
88321
88332
88339
88342
88351
88354
88379
88391
88392
88396
88413
88426
88432
88446
88451
88484
88490
88502
88506
88526
88546
88559
88568
88571
88582
88585
88587
88589
88597
88601
88610
88616
88632
88653
88668
88676
88680
88682
88695
88705
88715
88731
88732
88741
88744
88761
88762
88772
88776
88794
88805
88828
88837
88839
88852
88853
88866
88868
88874
88880
88890
88905
88936
88941
88970
88987
88988
88997
89000
89003
89005
89020
89054
89073
89089
89094
89106
89115
89116
89158
89180
89184
89185
89196
89207
89208
89223
89264
89293
89318
89323
89327
89335
89367
89398
89419
89421
89425
89430
89438
89447
89456
89464
89482
89484
89505
89520
89525
89530
89533
89538
89550
89551
89561
89562
89576
89597
89600
89628
89640
89641
89655
89656
89668
89669
89671
89688
89695
89699
89703
89708
89711
89736
89737
89738
89757
89765
89769
89786
89795
89801
89817
89837
89853
89861
89862
89885
89890
89891
89908
89922
89927
89929
89938
89943
89953
89965
89976
89996
90000
90001
90006
90017
90031
90032
90049
90052
90060
90091
90102
90103
90112
90143
90147
90162
90176
90186
90191
90202
90222
90228
90232
90259
90265
90273
90287
90289
90297
90298
90320
90322
90326
90332
90335
90350
90360
90361
90363
90382
90383
90389
90395
90397
90405
90427
90448
90475
90482
90494
90496
90513
90516
90520
90534
90548
90552
90556
90565
90572
90574
90579
90604
90606
90614
90627
90629
90658
90662
90681
90685
90717
90730
90732
90746
90749
90773
90778
90782
90805
90812
90820
90832
90842
90866
90877
90910
90919
90933
90942
90949
90953
90965
90973
90977
91006
91008
91009
91038
91055
91072
91078
91091
91106
91138
91146
91159
91166
91174
91177
91181
91206
91215
91219
91241
91250
91255
91257
91258
91271
91276
91289
91321
91332
91340
91343
91368
91372
91375
91378
91381
91387
91413
91415
91429
91443
91453
91468
91481
91489
91492
91494
91507
91511
91521
91540
91543
91544
91571
91583
91593
91597
91615
91616
91625
91663
91668
91685
91690
91692
91696
91748
91755
91759
91764
91765
91766
91769
91777
91778
91787
91788
91790
91800
91808
91811
91817
91840
91846
91856
91871
91887
91889
91900
91911
91947
91951
91981
91984
91985
91991
91995
91999
92004
92015
92021
92023
92025
92035
92036
92057
92058
92065
92072
92077
92082
92086
92109
92110
92116
92123
92127
92133
92141
92146
92154
92157
92160
92161
92165
92169
92175
92181
92183
92185
92194
92212
92213
92223
92224
92238
92245
92265
92274
92276
92295
92302
92304
92306
92309
92326
92339
92344
92351
92368
92372
92374
92384
92390
92394
92402
92464
92475
92485
92498
92502
92506
92514
92520
92530
92531
92543
92559
92568
92572
92579
92581
92595
92601
92604
92608
92629
92644
92655
92669
92670
92674
92675
92681
92690
92703
92723
92756
92763
92778
92797
92814
92819
92823
92824
92840
92854
92863
92898
92904
92907
92913
92916
92924
92925
92937
92946
92955
92971
92982
93008
93052
93060
93086
93087
93102
93117
93138
93149
93196
93204
93205
93217
93218
93219
93222
93234
93296
93316
93319
93332
93341
93374
93376
93382
93392
93395
93396
93401
93422
93426
93438
93443
93465
93466
93468
93476
93484
93485
93507
93516
93519
93537
93556
93561
93565
93568
93578
93579
93584
93585
93587
93606
93613
93618
93625
93661
93663
93686
93694
93701
93717
93718
93735
93742
93755
93761
93777
93795
93807
93811
93816
93821
93843
93856
93857
93877
93878
93895
93915
93922
93926
93943
93945
93947
93950
93962
93987
94002
94004
94017
94019
94020
94024
94028
94029
94035
94066
94072
94088
94101
94103
94105
94111
94124
94159
94168
94169
94172
94175
94197
94211
94212
94214
94218
94231
94241
94263
94283
94303
94310
94311
94312
94326
94334
94345
94348
94367
94368
94376
94380
94383
94391
94395
94397
94404
94407
94425
94430
94436
94438
94470
94474
94487
94500
94518
94519
94530
94556
94558
94564
94568
94569
94621
94625
94636
94642
94646
94647
94649
94654
94661
94684
94700
94710
94714
94733
94736
94744
94745
94758
94759
94763
94765
94772
94782
94787
94808
94809
94810
94820
94827
94838
94843
94850
94855
94859
94863
94867
94868
94876
94878
94896
94903
94914
94924
94926
94936
94946
94955
94957
94962
94964
94998
95001
95040
95047
95059
95089
95115
95125
95131
95156
95160
95161
95164
95171
95180
95182
95201
95209
95211
95212
95219
95223
95238
95251
95255
95258
95262
95269
95277
95283
95285
95286
95289
95295
95297
95300
95308
95309
95314
95323
95338
95340
95343
95367
95384
95394
95397
95406
95417
95425
95436
95470
95479
95487
95501
95514
95535
95540
95548
95551
95554
95561
95565
95590
95603
95641
95643
95654
95658
95671
95677
95691
95701
95703
95715
95717
95742
95745
95746
95749
95764
95766
95781
95783
95823
95824
95829
95835
95839
95856
95858
95859
95861
95873
95889
95895
95914
95927
95936
95945
95963
95970
95971
95983
95984
95986
96020
96021
96031
96051
96054
96061
96067
96082
96103
96117
96119
96130
96135
96137
96159
96165
96177
96187
96188
96189
96192
96195
96213
96223
96253
96255
96289
96295
96314
96329
96331
96332
96334
96338
96348
96351
96374
96382
96407
96408
96409
96410
96411
96414
96439
96444
96458
96491
96494
96503
96510
96512
96513
96518
96519
96520
96535
96537
96542
96548
96562
96563
96566
96584
96591
96596
96608
96612
96652
96668
96673
96686
96701
96703
96741
96750
96752
96754
96777
96780
96791
96797
96802
96819
96854
96878
96880
96913
96917
96920
96927
96939
96941
96942
96947
96951
96964
96966
96970
96981
96984
96996
96997
96998
97000
97020
97021
97042
97054
97055
97087
97094
97113
97117
97123
97124
97132
97134
97153
97160
97174
97179
97181
97193
97208
97240
97261
97276
97280
97283
97293
97313
97320
97343
97359
97369
97389
97393
97394
97397
97406
97431
97438
97448
97451
97459
97460
97497
97504
97523
97524
97526
97529
97534
97539
97546
97564
97575
97594
97601
97606
97630
97640
97642
97645
97706
97709
97716
97735
97740
97741
97743
97760
97766
97771
97777
97808
97818
97819
97829
97835
97872
97894
97916
97930
97953
97986
97994
98006
98016
98043
98051
98053
98063
98096
98124
98144
98153
98155
98174
98178
98200
98214
98221
98227
98229
98240
98250
98255
98275
98280
98290
98348
98353
98354
98373
98391
98418
98427
98436
98454
98455
98475
98485
98494
98503
98504
98505
98517
98542
98546
98548
98570
98590
98596
98608
98614
98623
98627
98631
98634
98643
98649
98655
98674
98677
98685
98700
98722
98743
98746
98756
98776
98778
98785
98788
98794
98829
98837
98875
98876
98880
98882
98905
98907
98920
98925
98927
98952
98958
98959
98964
98966
98974
98985
99021
99027
99048
99054
99058
99063
99082
99095
99100
99104
99110
99111
99122
99124
99140
99145
99147
99148
99152
99155
99157
99163
99188
99194
99203
99227
99235
99236
99238
99242
99277
99292
99310
99313
99315
99327
99337
99339
99342
99343
99351
99353
99357
99358
99364
99377
99413
99415
99421
99428
99429
99451
99475
99496
99499
99506
99513
99517
99526
99532
99538
99564
99579
99581
99582
99592
99595
99651
99663
99664
99665
99668
99682
99684
99702
99712
99714
99737
99764
99765
99790
99795
99798
99819
99835
99842
99845
99869
99876
99881
99887
99889
99904
99915
99927
99934
99942
99961
99971
99973
99975
99978
99982
99984
99985
99989
99992
