216
231
270
523
658
702
813
934
942
957
1025
1133
1245
1367
1473
1554
1611
1748
1784
2019
2212
2366
2371
2423
2541
2628
2630
2647
3128
3148
3591
3732
3893
4177
4335
4381
4400
4572
4578
4598
4607
4664
4686
4745
4761
4855
4889
4890
4944
5050
5154
5156
5278
5359
5456
5589
5642
5750
5961
5977
6100
6267
6314
6401
6614
6883
7173
7255
7319
7325
7353
7489
7704
7785
8014
8051
8174
8177
8202
8274
8412
8515
8568
8637
8685
8839
8921
9046
9142
9412
9458
9534
9536
9625
9921
10052
10082
10161
10285
10387
10422
10615
10703
10835
10858
10885
11016
11093
11443
11549
11604
11682
11814
12083
12099
12187
12279
12427
12431
12492
12745
12757
12856
13083
13167
13264
13299
13408
13586
13619
13765
13786
13907
13962
13966
13977
14026
14079
14110
14126
14186
14233
14240
14467
14770
15074
15301
15474
15542
15585
15766
15894
16136
16149
16179
16342
16457
16481
16540
16674
16702
16755
16904
16995
17110
17327
17393
17720
17805
17934
18073
18148
18155
18191
18226
18386
18387
18412
18979
19006
19030
19227
19516
19626
19704
19727
19754
19883
19928
20081
20087
20088
20175
20218
20243
20591
20758
20760
20838
20843
20886
21211
21240
21334
21395
21535
21601
21770
21812
21813
21864
22083
22185
22206
22326
22483
22519
22665
22729
22736
22904
22941
23007
23056
23307
23455
23467
23545
23589
23664
23677
23740
23762
24239
24278
24288
24297
24326
24365
24425
24426
24658
24772
24850
24852
24906
25082
25358
25365
25601
25661
25878
25916
26080
26081
26105
26155
26258
26374
26503
26530
26626
26882
26907
27007
27279
27423
27469
27624
27638
27839
28241
28276
28360
28459
28533
28634
28637
28653
28680
28765
28845
28879
29064
29093
29406
29420
29465
29587
29709
29718
29770
29812
29925
29981
30197
30239
30360
30592
30712
30761
30767
30834
31042
31053
31179
31263
31278
31373
31591
31605
31787
31833
31837
32026
32099
32133
32154
32207
32284
32324
32401
32429
32507
32708
32869
33041
33089
33091
33116
33147
33230
33311
33381
33424
33437
33528
33529
33561
33598
33749
33836
34092
34253
34281
34285
34470
34512
34750
34846
34898
34917
35097
35317
35428
35457
35496
35573
35608
35662
35751
35791
36161
36285
36287
36536
36615
36807
36810
36814
37001
37101
37204
37233
37317
37473
37505
37748
37917
37923
37959
38135
38299
38334
38346
38421
38470
38581
38703
39142
39235
39318
39337
39473
39490
39546
39725
40022
40188
40192
40243
40661
40697
40864
40960
40963
40966
41061
41236
41248
41339
41696
41717
41837
41923
42033
42100
42101
42315
42479
42779
42968
43168
43287
43397
43705
43972
44001
44027
44064
44095
44177
44186
44479
44532
44572
44591
44649
44735
44863
44891
44912
44928
44940
45037
45187
45344
45720
45788
45926
46098
46382
46389
46666
46725
46928
47192
47197
47424
47534
47595
47765
47867
47908
47938
47940
48023
48026
48197
48238
48366
48582
48688
48864
48869
48891
48943
49020
49119
49194
49241
49287
49305
49340
49350
49370
49495
49639
49722
49777
50110
50302
50317
50360
50438
50462
50587
50704
50868
51171
51271
51280
51293
51334
51516
51557
51677
51694
51707
51737
51893
52026
52084
52133
52144
52180
52431
52438
52468
52492
52497
52561
52641
52689
52702
52711
52749
52778
52899
52948
53096
53108
53182
53210
53476
53547
53711
53817
53859
53863
53927
53942
54011
54039
54206
54215
54397
54457
54464
54541
54611
54822
54824
54945
55264
55344
55357
55472
55488
55502
55644
55743
55981
56072
56084
56251
56302
56469
56479
56685
57113
57409
57824
57840
57998
58206
58210
58363
58449
58532
58541
58846
59065
59138
59293
59300
59326
59349
59477
59525
59730
59887
60062
60207
60407
60408
60438
60624
60796
60897
60905
61028
61088
61126
61421
61572
61652
61691
61752
62012
62087
62367
62436
62524
62538
62546
62658
62715
62845
62922
62953
62997
63000
63075
63077
63084
63356
63367
63437
63513
63576
63609
63630
63712
63764
63900
63918
63925
63968
63991
64201
64273
64279
64435
65259
65453
65559
65690
65750
65827
65835
65855
65860
65876
65971
66089
66150
66387
66441
66473
66629
66805
66816
66916
66928
67040
67048
67176
67227
67303
67313
67350
67395
67396
67402
67489
67587
67602
67694
67882
67944
68029
68542
68682
68687
68740
68811
68850
69083
69272
69533
69740
69893
69941
70107
70113
70229
70491
70634
70753
70870
70936
70968
71073
71133
71294
71307
71414
71623
71648
71688
71762
71769
71861
71994
72010
72045
72050
72079
72169
72389
72401
72494
72543
72600
72618
72732
72769
72873
72903
72960
73134
73245
73408
73522
73544
73821
73967
74028
74192
74271
74301
74325
74378
74606
74646
74770
74892
75127
75336
75348
75448
75479
75556
75558
75598
75896
75999
76002
76027
76368
76561
76575
76692
76778
76969
76976
77045
77061
77236
77237
77514
77560
77592
77820
78017
78044
78352
78804
78930
78987
79106
79170
79204
79313
79530
79572
79627
79674
79789
79878
79927
79964
80303
80346
80700
80703
80918
80951
80990
81018
81159
81342
81513
81588
81729
81851
81988
81989
82057
82232
82257
82493
82880
82964
82981
83017
83098
83100
83107
83255
83264
83298
83323
83356
83468
83474
83628
83762
83767
83883
83992
84090
84132
84153
84226
84228
84325
84422
84505
84611
84680
84705
84832
85091
85220
85307
85313
85443
85623
85655
85683
85727
85868
85896
86119
86399
86466
86671
86746
86851
86988
87108
87197
87270
87312
87320
87376
87409
87431
87455
87494
87502
87507
87725
88128
88154
88159
88176
88289
88395
88628
88958
89030
89035
89044
89080
89140
89473
89713
89725
89728
89748
89760
89820
90033
90105
90205
90229
90725
90883
90944
90969
91034
91274
91346
91677
91784
92044
92108
92209
92216
92259
92386
92535
92600
92713
92774
92794
92833
92861
93041
93442
93453
93485
93505
93654
93680
93905
93981
94122
94276
94340
94372
94512
94536
94544
94600
94697
94715
94733
94765
94805
94819
94936
94998
95148
95203
95226
95290
95350
95403
95509
95603
95606
95828
95937
95983
96062
96230
96235
96523
96534
96543
96611
96659
96726
96751
96844
96855
96880
96885
96969
97067
97432
97511
97523
97561
97578
97749
97856
97922
98098
98192
98208
98518
98558
98613
98697
98949
98982
99092
99168
99172
99219
99314
99411
99463
99838
99966
