62
78
87
153
161
173
175
201
223
228
260
265
275
278
279
297
313
325
328
329
332
345
354
386
408
415
432
435
440
442
452
479
480
481
494
496
568
577
583
599
603
623
631
639
650
663
697
734
747
761
769
806
819
844
845
892
893
909
939
949
972
989
1052
1083
1096
1112
1128
1157
1233
1251
1270
1328
1329
1344
1346
1351
1362
1370
1395
1398
1416
1419
1425
1428
1504
1510
1519
1541
1576
1642
1663
1687
1725
1732
1774
1785
1788
1802
1810
1819
1827
1843
1874
1923
1927
1932
1977
1981
2023
2056
2086
2091
2166
2205
2219
2237
2243
2256
2267
2273
2290
2353
2368
2376
2390
2412
2438
2473
2482
2490
2492
2509
2612
2673
2683
2724
2822
2838
2843
2851
2888
2896
2946
2960
2968
2984
2985
3002
3076
3105
3111
3130
3149
3169
3225
3231
3233
3241
3251
3267
3281
3291
3309
3329
3331
3376
3395
3455
3477
3482
3494
3495
3504
3528
3565
3584
3622
3625
3630
3649
3685
3725
3726
3731
3732
3739
3767
3768
3778
3797
3802
3807
3826
3831
3856
3883
3911
3930
3936
3948
3961
3967
3970
3980
4032
4049
4065
4082
4115
4120
4124
4145
4198
4244
4289
4290
4292
4311
4315
4327
4362
4407
4443
4456
4460
4491
4528
4541
4548
4565
4568
4585
4614
4630
4670
4741
4749
4752
4758
4768
4780
4793
4815
4832
4843
4850
4866
4894
4897
4911
4932
4933
4951
4955
4964
4966
5027
5053
5065
5067
5140
5180
5185
5187
5196
5242
5257
5274
5290
5319
5348
5366
5395
5440
5449
5465
5522
5534
5549
5557
5601
5606
5667
5691
5695
5744
5769
5801
5812
5872
5887
5892
5898
5961
5984
5997
6012
6053
6065
6092
6104
6120
6147
6149
6182
6206
6207
6223
6226
6239
6253
6285
6296
6341
6366
6368
6370
6377
6383
6434
6440
6453
6462
6463
6464
6482
6485
6492
6493
6502
6529
6608
6638
6659
6684
6698
6732
6736
6744
6751
6781
6787
6789
6792
6818
6845
6893
6918
6944
6953
6994
7020
7067
7116
7125
7134
7139
7152
7163
7201
7212
7213
7254
7263
7276
7277
7289
7317
7332
7337
7345
7351
7361
7394
7398
7411
7495
7508
7531
7539
7545
7605
7611
7660
7661
7710
7724
7740
7805
7822
7834
7867
7907
7934
7942
7976
7986
8064
8079
8082
8084
8088
8091
8101
8118
8124
8131
8135
8165
8174
8186
8196
8300
8310
8317
8362
8368
8404
8417
8461
8467
8501
8504
8505
8511
8513
8545
8563
8584
8590
8594
8596
8609
8641
8667
8697
8741
8751
8756
8791
8820
8829
8838
8877
8879
8909
8915
8921
8946
8981
9053
9073
9076
9100
9191
9241
9253
9301
9332
9372
9374
9405
9441
9446
9447
9451
9452
9453
9454
9473
9480
9487
9581
9603
9604
9606
9613
9636
9669
9711
9742
9746
9767
9768
9788
9816
9858
9894
9898
9912
9924
9930
10020
10027
10070
10111
10115
10120
10141
10161
10170
10173
10186
10190
10214
10216
10300
10308
10333
10357
10377
10456
10483
10495
10502
10514
10609
10618
10652
10705
10708
10752
10770
10774
10795
10826
10841
10845
10861
10862
10866
10876
10887
10889
10898
10899
10960
10973
10976
10997
11044
11088
11130
11139
11226
11243
11245
11253
11258
11268
11277
11310
11368
11390
11394
11416
11417
11419
11423
11440
11477
11512
11546
11592
11617
11675
11684
11699
11700
11746
11774
11782
11866
11939
11941
11966
11979
11982
11985
11989
12056
12083
12102
12107
12129
12190
12221
12275
12304
12309
12325
12342
12397
12401
12467
12513
12515
12540
12560
12590
12633
12634
12650
12666
12675
12700
12730
12755
12765
12780
12816
12845
12848
12852
12865
12886
12903
12912
12932
12937
12942
13063
13064
13076
13087
13088
13126
13139
13174
13218
13225
13235
13260
13278
13284
13298
13321
13366
13390
13460
13462
13472
13476
13493
13555
13572
13586
13621
13634
13693
13751
13759
13802
13809
13815
13837
13850
13878
13897
13905
13914
14018
14021
14039
14064
14125
14133
14138
14165
14171
14229
14238
14266
14307
14313
14317
14321
14327
14333
14351
14355
14382
14396
14398
14401
14408
14418
14430
14448
14485
14505
14511
14540
14563
14565
14567
14588
14589
14611
14629
14640
14643
14667
14703
14715
14724
14757
14773
14776
14849
14873
14887
14894
14896
14899
14902
14908
14937
14955
14968
14978
15009
15012
15016
15019
15057
15081
15083
15102
15114
15125
15140
15156
15171
15179
15203
15232
15237
15241
15253
15254
15258
15259
15314
15344
15346
15354
15381
15385
15391
15410
15415
15424
15430
15434
15438
15441
15443
15482
15491
15504
15507
15513
15515
15516
15520
15526
15537
15538
15552
15569
15600
15623
15641
15658
15666
15679
15686
15711
15755
15819
15836
15837
15841
15908
15939
15946
15949
15951
15955
15969
15976
15988
15989
15997
16007
16008
16022
16040
16060
16069
16104
16135
16158
16176
16184
16214
16217
16234
16240
16245
16299
16301
16326
16366
16379
16431
16460
16472
16480
16494
16512
16539
16540
16561
16581
16587
16592
16596
16601
16603
16610
16617
16644
16645
16650
16660
16733
16750
16755
16758
16767
16776
16784
16793
16847
16871
16900
16905
16923
16971
16977
16981
17005
17006
17056
17072
17107
17111
17127
17137
17140
17168
17169
17198
17206
17223
17231
17250
17276
17336
17344
17352
17387
17416
17432
17435
17442
17459
17461
17517
17543
17547
17554
17574
17584
17642
17674
17676
17685
17702
17703
17767
17770
17799
17868
17881
17888
17892
17894
17896
17911
17918
17941
17981
17985
18014
18029
18031
18045
18046
18053
18058
18070
18140
18147
18157
18201
18205
18227
18304
18313
18328
18344
18349
18358
18369
18402
18438
18521
18553
18559
18573
18646
18664
18666
18676
18683
18689
18745
18755
18757
18786
18793
18811
18829
18830
18840
18853
18858
18867
18870
18882
18883
18918
18927
18937
18945
18958
18963
18994
18996
19052
19135
19147
19257
19291
19298
19319
19337
19367
19374
19397
19406
19472
19477
19478
19510
19516
19527
19529
19530
19543
19544
19599
19626
19637
19649
19656
19659
19671
19676
19704
19719
19756
19791
19800
19808
19871
19940
19994
19995
19999
20039
20069
20072
20075
20084
20150
20194
20201
20214
20223
20235
20236
20259
20304
20312
20346
20374
20376
20397
20430
20452
20455
20478
20502
20506
20509
20517
20569
20637
20641
20648
20651
20654
20669
20686
20716
20749
20787
20805
20913
20939
21010
21025
21076
21081
21103
21108
21109
21118
21120
21198
21209
21227
21243
21245
21274
21290
21398
21429
21438
21443
21494
21498
21549
21552
21556
21565
21567
21588
21594
21601
21616
21643
21651
21723
21759
21786
21802
21816
21822
21896
21934
21936
21939
21969
22046
22082
22107
22161
22188
22198
22205
22237
22262
22272
22288
22299
22327
22352
22368
22369
22380
22392
22447
22466
22472
22477
22480
22539
22541
22544
22565
22591
22619
22630
22631
22667
22677
22687
22694
22714
22727
22757
22761
22763
22804
22813
22823
22897
22924
22980
22985
23059
23097
23167
23203
23223
23226
23239
23286
23299
23320
23344
23351
23367
23392
23407
23429
23435
23452
23455
23468
23474
23489
23493
23561
23562
23609
23613
23728
23770
23774
23775
23785
23808
23809
23813
23825
23898
23901
23911
23915
23929
23934
23964
23968
23975
23987
24003
24009
24050
24057
24073
24080
24094
24113
24131
24197
24210
24214
24229
24279
24283
24286
24287
24313
24324
24329
24355
24356
24365
24376
24419
24458
24459
24468
24534
24543
24560
24570
24579
24608
24612
24613
24616
24626
24630
24650
24724
24730
24764
24766
24794
24828
24845
24943
24974
25004
25010
25021
25034
25066
25072
25091
25108
25115
25146
25202
25211
25244
25262
25264
25269
25276
25294
25313
25320
25328
25331
25336
25338
25353
25355
25359
25362
25380
25383
25395
25433
25450
25462
25467
25479
25492
25498
25520
25573
25580
25583
25610
25667
25678
25704
25724
25784
25824
25850
25869
25908
25917
25923
25956
25963
25981
25995
26023
26038
26075
26077
26102
26108
26119
26124
26132
26137
26197
26204
26209
26257
26281
26307
26328
26350
26365
26387
26388
26405
26421
26443
26460
26464
26490
26524
26527
26535
26544
26556
26561
26622
26639
26658
26676
26694
26700
26820
26827
26828
26846
26887
26929
26937
26960
26975
26983
26985
27007
27036
27050
27112
27118
27123
27149
27150
27158
27236
27238
27242
27325
27372
27428
27437
27453
27484
27485
27497
27519
27521
27545
27558
27574
27583
27585
27591
27593
27604
27636
27639
27647
27650
27680
27702
27723
27793
27794
27798
27805
27813
27838
27840
27892
27919
27932
27975
27977
27978
28005
28031
28069
28106
28108
28133
28165
28168
28177
28184
28196
28219
28220
28281
28284
28292
28298
28308
28315
28322
28331
28341
28344
28348
28361
28372
28426
28433
28443
28469
28479
28488
28500
28510
28532
28546
28571
28578
28581
28594
28616
28622
28633
28644
28688
28710
28759
28784
28815
28947
28957
28985
29005
29044
29050
29053
29059
29060
29066
29071
29130
29131
29163
29172
29174
29197
29278
29293
29301
29328
29354
29413
29414
29439
29443
29450
29453
29460
29471
29501
29512
29517
29527
29532
29539
29548
29555
29556
29569
29579
29580
29586
29603
29605
29641
29680
29704
29737
29772
29773
29782
29783
29798
29830
29878
29917
29924
29996
30004
30012
30022
30030
30089
30109
30131
30142
30163
30229
30252
30268
30285
30296
30319
30324
30352
30354
30371
30375
30409
30421
30472
30511
30520
30522
30531
30556
30557
30602
30626
30699
30710
30714
30718
30745
30770
30776
30825
30840
30849
30850
30861
30871
30885
30906
30912
30930
30933
30945
30949
30995
30998
31005
31010
31011
31038
31050
31052
31057
31090
31108
31147
31162
31169
31186
31201
31244
31246
31247
31280
31285
31294
31313
31318
31333
31338
31349
31357
31363
31384
31400
31414
31424
31441
31461
31462
31470
31483
31497
31503
31521
31547
31550
31586
31617
31623
31631
31660
31670
31671
31696
31729
31736
31753
31790
31835
31877
31897
31912
31931
31959
31976
31984
31997
32017
32020
32025
32041
32057
32061
32072
32112
32113
32140
32153
32167
32170
32263
32265
32325
32327
32349
32355
32388
32389
32401
32436
32443
32451
32475
32476
32524
32528
32532
32548
32608
32610
32616
32619
32626
32639
32644
32660
32677
32700
32703
32716
32741
32772
32776
32822
32847
32853
32861
32862
32890
32926
32929
32944
32969
32988
33012
33019
33032
33034
33040
33078
33086
33131
33149
33159
33179
33184
33215
33218
33221
33227
33236
33249
33263
33264
33275
33281
33325
33336
33403
33420
33427
33455
33502
33569
33570
33583
33612
33635
33636
33647
33658
33672
33673
33724
33742
33751
33764
33811
33851
33867
33889
33890
33911
33922
33926
33954
33961
33984
34000
34016
34059
34072
34096
34115
34132
34152
34184
34195
34207
34213
34255
34275
34298
34300
34342
34360
34379
34391
34396
34403
34414
34422
34439
34446
34450
34521
34618
34623
34628
34632
34651
34652
34662
34686
34702
34710
34711
34737
34753
34754
34787
34797
34822
34826
34838
34850
34864
34872
34909
34934
34938
34956
34996
35016
35033
35035
35058
35139
35172
35177
35198
35209
35211
35222
35257
35279
35309
35334
35351
35378
35393
35402
35435
35448
35481
35496
35511
35519
35523
35528
35536
35551
35574
35598
35611
35620
35701
35719
35729
35741
35832
35850
35860
35862
35911
35913
35945
35959
35964
35965
35970
35990
36092
36098
36114
36144
36167
36168
36198
36242
36253
36314
36321
36338
36341
36368
36409
36415
36428
36434
36556
36572
36605
36625
36626
36660
36664
36675
36727
36779
36790
36805
36814
36828
36897
36908
36921
36936
36954
36964
36987
36995
37005
37014
37032
37072
37096
37117
37118
37122
37140
37146
37152
37153
37162
37168
37214
37223
37226
37227
37233
37237
37275
37291
37295
37355
37394
37419
37487
37501
37537
37606
37631
37646
37681
37696
37709
37710
37726
37729
37807
37838
37845
37848
37865
37866
37882
37887
37897
37909
37925
37933
37947
38015
38040
38045
38070
38107
38111
38117
38122
38128
38148
38178
38201
38204
38210
38219
38228
38237
38249
38262
38269
38276
38293
38314
38399
38428
38434
38448
38467
38534
38537
38555
38590
38643
38659
38665
38693
38717
38731
38734
38829
38859
38866
38877
38894
38901
38932
38987
39005
39029
39079
39089
39096
39101
39170
39184
39192
39222
39232
39242
39258
39264
39348
39366
39375
39379
39428
39439
39454
39473
39561
39562
39579
39585
39598
39599
39610
39618
39625
39738
39804
39805
39826
39841
39876
39879
39882
39883
39900
39916
39924
39939
39941
39981
39995
39999
40028
40064
40110
40119
40134
40173
40191
40192
40236
40296
40301
40325
40331
40333
40338
40356
40368
40407
40412
40417
40422
40432
40448
40466
40485
40491
40493
40553
40571
40661
40662
40677
40721
40757
40782
40795
40845
40865
40872
40888
40895
40936
40993
41012
41043
41045
41049
41139
41155
41160
41277
41309
41341
41362
41406
41435
41455
41515
41539
41547
41555
41621
41623
41636
41689
41690
41697
41701
41713
41782
41790
41796
41802
41803
41822
41839
41848
41854
41864
41875
41887
41903
41953
41975
42001
42006
42032
42049
42069
42094
42129
42163
42201
42211
42251
42257
42261
42268
42271
42275
42320
42354
42388
42392
42417
42431
42446
42451
42493
42494
42541
42596
42615
42620
42629
42640
42660
42661
42681
42749
42772
42785
42793
42812
42832
42867
42887
42889
42901
42988
43034
43043
43070
43081
43085
43104
43177
43189
43236
43274
43284
43338
43343
43374
43411
43436
43491
43503
43522
43533
43549
43573
43577
43594
43650
43713
43728
43757
43796
43804
43828
43856
43864
43882
43884
43902
43953
43956
43964
43984
44011
44039
44105
44119
44156
44167
44187
44193
44220
44243
44244
44245
44248
44257
44269
44282
44303
44307
44348
44350
44367
44428
44437
44439
44451
44492
44514
44523
44528
44530
44537
44545
44547
44560
44611
44618
44627
44662
44690
44705
44717
44734
44741
44753
44760
44770
44794
44805
44809
44831
44842
44925
44932
44956
45006
45021
45022
45025
45035
45043
45059
45071
45103
45132
45149
45183
45268
45296
45322
45329
45366
45386
45412
45425
45426
45429
45515
45544
45551
45554
45622
45652
45663
45674
45726
45731
45735
45743
45770
45811
45867
45875
45890
45920
45942
45950
45963
46040
46077
46085
46110
46111
46114
46127
46129
46131
46136
46138
46146
46211
46261
46263
46278
46316
46334
46347
46358
46362
46367
46385
46386
46477
46481
46522
46529
46540
46549
46573
46576
46584
46602
46611
46638
46669
46674
46686
46691
46704
46727
46738
46744
46770
46798
46818
46835
46864
46884
46886
46935
46997
47000
47012
47020
47025
47049
47087
47098
47102
47105
47114
47135
47150
47159
47165
47220
47237
47240
47272
47273
47280
47297
47302
47344
47351
47370
47375
47412
47427
47459
47513
47559
47565
47575
47577
47604
47681
47683
47710
47730
47753
47756
47767
47778
47784
47838
47847
47849
47857
47865
47868
47919
48055
48083
48088
48101
48126
48152
48157
48169
48190
48194
48217
48218
48304
48309
48346
48373
48378
48385
48391
48421
48425
48463
48465
48475
48498
48501
48516
48518
48526
48540
48543
48560
48574
48616
48646
48650
48691
48701
48719
48724
48735
48736
48748
48875
48876
48882
48893
48896
48929
48960
48969
48992
49019
49022
49066
49075
49080
49084
49143
49148
49165
49194
49196
49203
49239
49259
49266
49306
49348
49385
49386
49445
49456
49466
49531
49539
49570
49599
49632
49644
49659
49672
49696
49736
49771
49782
49784
49798
49819
49857
49882
49884
49886
49979
50005
50033
50063
50069
50075
50080
50095
50141
50153
50181
50192
50194
50263
50302
50304
50338
50367
50368
50380
50405
50437
50476
50496
50511
50523
50528
50540
50541
50562
50573
50585
50672
50680
50682
50689
50716
50756
50783
50799
50800
50823
50829
50830
50872
50873
50879
50901
50911
50929
50941
50974
50976
50980
50995
51007
51029
51037
51043
51055
51062
51094
51110
51129
51176
51187
51211
51213
51240
51259
51271
51321
51348
51358
51364
51368
51375
51475
51478
51501
51503
51514
51524
51525
51597
51617
51621
51634
51644
51655
51682
51690
51736
51752
51798
51834
51837
51845
51851
51874
51876
51879
51882
51886
51887
51918
51923
51924
51967
51975
51985
51988
51991
52000
52005
52011
52024
52038
52055
52057
52100
52104
52117
52227
52249
52270
52274
52369
52386
52400
52401
52402
52411
52424
52466
52495
52496
52506
52573
52594
52624
52643
52693
52717
52756
52784
52788
52800
52824
52839
52843
52845
52852
52885
52886
52924
52935
52995
53006
53007
53013
53023
53028
53031
53046
53068
53093
53094
53110
53117
53131
53183
53196
53267
53270
53317
53355
53405
53434
53449
53455
53468
53505
53508
53627
53636
53643
53663
53688
53755
53794
53801
53834
53841
53843
53846
53852
53860
53863
53930
53986
54008
54150
54163
54205
54248
54250
54256
54273
54285
54294
54341
54349
54358
54366
54386
54397
54422
54432
54439
54440
54460
54474
54508
54540
54549
54580
54588
54591
54599
54628
54636
54660
54707
54725
54728
54729
54734
54756
54775
54811
54834
54862
54865
54871
54875
54889
54893
54915
54921
54922
54966
54976
54991
54994
55006
55007
55030
55057
55067
55077
55101
55146
55173
55179
55181
55221
55267
55272
55295
55298
55303
55306
55309
55310
55315
55318
55346
55353
55374
55376
55391
55408
55411
55414
55422
55426
55459
55465
55482
55508
55536
55564
55568
55575
55583
55585
55608
55620
55645
55649
55721
55739
55741
55748
55760
55790
55806
55818
55830
55859
55885
55898
55915
55916
55922
55924
55962
55966
55971
55981
55983
56012
56026
56036
56041
56059
56064
56089
56099
56130
56181
56210
56230
56234
56240
56297
56348
56350
56365
56373
56401
56413
56426
56440
56446
56457
56485
56499
56512
56601
56655
56659
56680
56683
56684
56724
56741
56791
56797
56808
56811
56826
56848
56867
56869
56877
56878
56884
56915
56955
57016
57058
57066
57088
57120
57128
57136
57139
57149
57156
57184
57186
57189
57203
57208
57209
57251
57292
57356
57360
57362
57474
57494
57506
57590
57651
57654
57657
57680
57684
57694
57746
57772
57858
57876
57880
57924
57961
57964
58000
58001
58002
58004
58013
58015
58018
58030
58062
58064
58085
58115
58123
58126
58128
58138
58144
58176
58178
58206
58212
58311
58313
58365
58387
58403
58428
58441
58476
58499
58514
58575
58631
58637
58639
58666
58681
58682
58691
58692
58697
58711
58717
58734
58770
58771
58787
58796
58810
58821
58823
58873
58893
58912
58923
58926
58965
58979
58985
59027
59034
59052
59076
59091
59123
59139
59154
59174
59178
59183
59185
59194
59198
59227
59242
59244
59248
59264
59293
59303
59316
59339
59351
59352
59353
59354
59365
59369
59385
59433
59436
59455
59481
59488
59542
59552
59555
59567
59576
59602
59611
59623
59632
59643
59645
59653
59690
59700
59715
59716
59773
59816
59844
59857
59884
59910
59940
59941
59998
60010
60012
60013
60020
60065
60078
60092
60128
60141
60186
60188
60206
60224
60228
60238
60247
60277
60290
60312
60329
60333
60363
60370
60382
60390
60396
60414
60448
60459
60527
60540
60546
60613
60639
60648
60657
60679
60717
60748
60757
60770
60773
60790
60812
60830
60837
60856
60863
60868
60876
60879
60880
60886
60896
60918
60943
60969
60989
61053
61110
61168
61172
61174
61200
61202
61236
61242
61255
61257
61267
61270
61307
61312
61345
61351
61362
61393
61398
61405
61411
61483
61500
61531
61537
61548
61577
61579
61588
61640
61641
61651
61658
61668
61672
61677
61717
61718
61768
61815
61834
61852
61866
61878
61889
61890
61927
62003
62014
62068
62081
62087
62103
62200
62216
62231
62259
62269
62271
62286
62314
62363
62372
62458
62471
62477
62516
62559
62576
62599
62650
62689
62695
62697
62715
62729
62743
62745
62752
62813
62819
62859
62874
62875
62878
62899
62925
62937
62952
62959
62962
62992
63000
63005
63024
63035
63047
63090
63146
63185
63239
63244
63250
63267
63284
63301
63331
63354
63411
63422
63436
63461
63482
63521
63542
63562
63576
63610
63614
63620
63631
63651
63668
63671
63691
63702
63704
63715
63728
63753
63784
63809
63856
63858
63865
63875
63880
63888
63937
63938
63953
63955
63956
63961
64021
64022
64066
64083
64087
64112
64140
64152
64155
64261
64266
64295
64298
64317
64329
64354
64367
64401
64435
64460
64484
64509
64510
64519
64595
64596
64598
64622
64637
64675
64678
64753
64760
64761
64790
64818
64836
64848
64854
64962
64975
65055
65073
65095
65120
65141
65198
65207
65216
65242
65251
65268
65295
65325
65338
65340
65349
65379
65385
65401
65407
65417
65453
65455
65456
65459
65480
65503
65504
65524
65539
65541
65552
65579
65597
65669
65675
65708
65714
65728
65744
65745
65794
65799
65848
65857
65876
65907
65910
65921
65974
66016
66041
66051
66065
66073
66087
66136
66142
66154
66177
66195
66219
66288
66300
66303
66310
66336
66351
66360
66374
66420
66421
66431
66444
66447
66473
66506
66515
66559
66603
66643
66651
66682
66687
66692
66722
66739
66772
66798
66822
66825
66869
66889
66892
66902
66913
66939
66952
66963
66977
66981
67014
67026
67075
67096
67112
67132
67142
67144
67151
67160
67162
67258
67296
67312
67321
67343
67356
67361
67367
67373
67377
67419
67427
67433
67440
67443
67451
67475
67486
67494
67516
67532
67541
67545
67551
67552
67575
67581
67594
67604
67620
67637
67639
67665
67667
67686
67742
67752
67753
67760
67761
67775
67791
67797
67804
67809
67830
67835
67840
67848
67864
67872
67910
67922
67932
67934
67970
67971
67987
68042
68076
68101
68113
68120
68156
68173
68210
68258
68274
68279
68357
68405
68406
68432
68434
68451
68475
68483
68490
68527
68533
68595
68597
68642
68651
68662
68673
68684
68690
68762
68765
68798
68855
68856
68898
68904
68922
68923
68931
68934
68943
68949
68955
68960
68965
68972
68987
68995
69002
69044
69049
69054
69103
69107
69126
69137
69145
69202
69209
69212
69220
69248
69259
69261
69263
69361
69372
69380
69388
69390
69426
69439
69444
69471
69494
69509
69515
69523
69527
69529
69545
69553
69580
69587
69589
69601
69624
69672
69686
69690
69695
69714
69717
69721
69769
69788
69812
69826
69836
69848
69851
69890
69904
69919
69929
69944
69974
69990
70006
70007
70115
70182
70185
70189
70231
70245
70271
70350
70351
70357
70386
70387
70429
70432
70460
70492
70557
70562
70566
70567
70570
70587
70638
70715
70782
70787
70871
70893
70914
70919
70984
70993
71011
71014
71035
71043
71045
71049
71059
71094
71116
71151
71152
71164
71168
71186
71197
71224
71228
71241
71259
71290
71296
71320
71330
71351
71363
71366
71405
71429
71437
71450
71485
71491
71504
71509
71565
71582
71612
71623
71627
71652
71661
71706
71716
71726
71739
71740
71771
71775
71779
71858
71890
71904
71925
71933
71950
71960
71965
71972
71984
72001
72014
72044
72056
72065
72083
72094
72104
72112
72176
72181
72182
72206
72282
72345
72356
72376
72384
72410
72436
72471
72498
72509
72520
72523
72576
72578
72584
72589
72624
72644
72675
72687
72691
72711
72712
72714
72730
72742
72851
72869
72871
72907
72933
72944
72954
73014
73099
73108
73121
73134
73146
73147
73148
73153
73178
73195
73196
73220
73232
73238
73249
73256
73261
73281
73291
73328
73343
73353
73421
73429
73436
73445
73481
73583
73598
73611
73612
73613
73618
73658
73676
73677
73679
73682
73685
73752
73766
73776
73799
73845
73881
73905
73913
73965
73977
73989
74003
74054
74058
74068
74074
74132
74150
74168
74200
74212
74270
74271
74279
74289
74298
74336
74353
74461
74466
74469
74472
74517
74519
74554
74557
74563
74623
74633
74634
74645
74654
74691
74701
74724
74729
74788
74816
74863
74866
74897
74900
74957
74965
75006
75015
75017
75018
75037
75104
75157
75170
75194
75209
75292
75347
75355
75366
75367
75372
75374
75384
75388
75406
75421
75440
75446
75447
75495
75497
75515
75521
75546
75607
75616
75620
75621
75624
75635
75648
75651
75665
75698
75706
75712
75723
75760
75775
75803
75808
75874
75880
75897
75906
75919
75981
75987
76038
76096
76113
76120
76148
76161
76191
76213
76217
76233
76248
76256
76322
76324
76335
76343
76355
76380
76393
76413
76430
76449
76458
76490
76512
76523
76544
76549
76553
76556
76562
76574
76588
76597
76609
76620
76647
76658
76659
76727
76728
76782
76801
76826
76835
76877
76883
76899
76926
76929
76938
76960
76983
76984
77007
77032
77033
77077
77137
77142
77150
77233
77268
77294
77296
77366
77376
77422
77428
77446
77447
77495
77542
77548
77568
77595
77646
77652
77657
77672
77690
77691
77700
77724
77737
77762
77820
77831
77847
77855
77861
77867
77896
77901
77905
77906
77907
77983
77997
78002
78031
78048
78059
78068
78102
78122
78123
78131
78136
78151
78156
78169
78174
78261
78299
78325
78349
78372
78381
78393
78398
78413
78476
78496
78511
78533
78550
78585
78591
78625
78645
78721
78729
78785
78797
78802
78827
78828
78838
78862
78881
78888
78930
79066
79108
79115
79129
79140
79159
79179
79181
79247
79256
79259
79262
79270
79274
79277
79292
79357
79361
79384
79394
79419
79421
79532
79565
79577
79584
79636
79643
79644
79698
79708
79712
79741
79760
79784
79811
79835
79841
79890
79899
79901
79914
79928
80020
80025
80122
80123
80164
80191
80214
80216
80220
80246
80249
80277
80296
80301
80309
80310
80337
80344
80349
80386
80440
80474
80542
80553
80577
80582
80599
80619
80658
80664
80684
80708
80721
80763
80782
80815
80820
80829
80830
80833
80854
80859
80902
81025
81027
81069
81081
81085
81091
81103
81109
81203
81217
81270
81275
81291
81301
81311
81317
81327
81332
81347
81378
81391
81407
81424
81452
81487
81539
81547
81588
81592
81596
81608
81620
81630
81652
81727
81783
81809
81828
81878
81882
81931
81957
81971
82028
82099
82121
82139
82142
82157
82179
82191
82256
82277
82280
82288
82317
82327
82336
82347
82399
82416
82431
82437
82441
82491
82505
82538
82554
82558
82580
82620
82641
82656
82695
82705
82706
82717
82759
82762
82773
82790
82804
82826
82850
82867
82881
82897
82911
82917
82924
83004
83023
83056
83087
83111
83141
83151
83157
83180
83228
83280
83300
83353
83387
83403
83440
83447
83455
83462
83484
83503
83508
83511
83540
83545
83569
83610
83619
83631
83639
83715
83717
83734
83803
83824
83836
83837
83865
83882
83887
83943
83965
83979
83988
84041
84046
84063
84099
84106
84133
84140
84143
84174
84184
84188
84213
84215
84219
84221
84244
84249
84265
84285
84294
84355
84361
84374
84378
84428
84431
84433
84471
84474
84479
84546
84570
84587
84597
84600
84602
84618
84651
84680
84687
84749
84751
84753
84780
84781
84800
84801
84806
84808
84832
84868
84877
84882
84939
84941
85005
85017
85029
85032
85056
85072
85080
85113
85135
85159
85168
85203
85222
85240
85246
85252
85285
85300
85311
85316
85319
85328
85379
85412
85423
85441
85462
85483
85502
85507
85514
85543
85569
85571
85590
85608
85644
85680
85684
85700
85733
85744
85750
85755
85756
85782
85802
85808
85824
85835
85837
85842
85850
85859
85884
85903
85910
85940
85952
85955
85997
85999
86047
86061
86101
86126
86138
86177
86181
86185
86188
86195
86205
86210
86231
86283
86301
86323
86344
86374
86396
86413
86416
86419
86444
86481
86510
86516
86535
86578
86584
86605
86619
86623
86681
86694
86709
86717
86759
86771
86788
86795
86810
86820
86891
86904
86919
86934
86944
86948
87000
87023
87036
87046
87073
87092
87121
87124
87167
87176
87179
87201
87212
87244
87252
87269
87294
87314
87325
87345
87356
87372
87376
87377
87389
87394
87416
87433
87511
87521
87537
87540
87577
87587
87622
87653
87661
87662
87712
87733
87736
87746
87748
87754
87759
87780
87787
87806
87824
87829
87850
87857
87897
87903
87929
87950
87992
87993
87997
88036
88041
88047
88056
88075
88080
88081
88098
88122
88127
88140
88147
88151
88153
88159
88165
88167
88170
88172
88192
88226
88242
88258
88262
88268
88311
88326
88331
88343
88370
88395
88405
88421
88457
88468
88477
88485
88489
88490
88537
88547
88564
88571
88603
88604
88605
88612
88711
88724
88733
88810
88820
88865
88912
88958
88966
88985
89018
89028
89029
89051
89054
89061
89073
89076
89119
89174
89192
89204
89210
89230
89246
89260
89296
89342
89395
89462
89465
89466
89470
89478
89482
89510
89518
89522
89549
89552
89561
89564
89588
89602
89609
89611
89661
89678
89685
89719
89723
89741
89770
89787
89804
89805
89885
89891
89898
89922
89953
89958
89979
90029
90047
90094
90099
90108
90119
90203
90252
90253
90277
90308
90312
90315
90318
90333
90353
90397
90404
90412
90416
90441
90455
90483
90509
90532
90540
90544
90547
90624
90671
90677
90699
90714
90726
90740
90744
90751
90761
90783
90803
90818
90833
90836
90839
90848
90865
90870
90895
90925
90926
90968
90984
90985
91005
91027
91032
91042
91053
91093
91105
91111
91136
91160
91196
91201
91264
91276
91283
91295
91304
91338
91342
91362
91407
91422
91442
91445
91448
91475
91477
91522
91545
91642
91644
91647
91665
91674
91682
91733
91741
91746
91747
91758
91771
91790
91803
91813
91833
91864
91909
91918
91932
91944
91983
91999
92001
92014
92018
92026
92038
92043
92069
92076
92100
92119
92163
92183
92203
92204
92206
92210
92234
92276
92281
92305
92329
92344
92346
92383
92391
92397
92406
92413
92427
92470
92509
92525
92605
92609
92614
92642
92644
92653
92706
92716
92719
92732
92790
92797
92809
92843
92857
92897
92945
92963
92972
92974
93003
93022
93047
93121
93138
93145
93161
93168
93175
93207
93244
93290
93295
93298
93299
93312
93316
93328
93386
93391
93463
93487
93495
93497
93519
93540
93562
93566
93593
93598
93611
93651
93652
93669
93695
93725
93733
93739
93742
93755
93761
93792
93815
93827
93854
93897
93904
93905
93909
93937
93939
93962
93968
93972
93989
94002
94031
94034
94124
94145
94175
94197
94239
94242
94294
94316
94433
94452
94483
94484
94507
94514
94540
94551
94578
94580
94587
94610
94629
94639
94643
94689
94708
94800
94803
94862
94875
94877
94942
94950
94983
94999
95006
95015
95042
95053
95054
95080
95170
95173
95195
95208
95221
95246
95255
95289
95291
95343
95388
95402
95423
95438
95443
95469
95506
95541
95593
95610
95622
95626
95650
95663
95664
95666
95682
95707
95717
95751
95796
95807
95860
95872
95881
95904
95913
95940
96008
96041
96048
96065
96084
96103
96128
96147
96155
96207
96225
96252
96258
96266
96299
96307
96310
96341
96344
96373
96381
96391
96421
96426
96433
96449
96471
96476
96480
96485
96492
96493
96506
96507
96553
96564
96636
96652
96668
96693
96694
96721
96789
96808
96839
96843
96888
96928
96943
96992
97080
97086
97112
97116
97134
97135
97150
97186
97190
97263
97285
97287
97290
97304
97376
97384
97391
97415
97426
97472
97483
97489
97559
97568
97591
97610
97620
97668
97691
97692
97693
97705
97735
97741
97748
97751
97757
97758
97769
97775
97808
97833
97846
97852
97865
97873
97902
97908
97976
97977
98000
98017
98022
98046
98057
98062
98093
98135
98136
98153
98177
98178
98184
98241
98280
98300
98302
98371
98383
98388
98391
98427
98442
98477
98488
98501
98541
98549
98556
98574
98583
98597
98603
98611
98614
98617
98645
98654
98671
98695
98719
98747
98837
98855
98874
98911
98939
98943
98951
98980
99012
99015
99032
99035
99043
99050
99057
99086
99088
99103
99107
99131
99140
99165
99172
99238
99265
99283
99319
99320
99360
99364
99370
99403
99410
99414
99425
99451
99471
99479
99509
99550
99647
99691
99718
99762
99819
99843
99876
99896
99903
99905
99907
99913
99947
99970
