37727
92146
8612
32604
61448
59575
2114
50679
10008
6073
52193
94772
34490
65717
77436
86404
271
84686
7499
20217
26000
71227
23968
71035
93625
70183
78223
94782
39035
11094
97240
81892
68217
51489
49835
11146
75046
95001
50456
60492
34756
30100
17794
96314
24017
79183
6183
81160
95436
45098
81424
99764
34267
93465
40794
9224
57102
23663
39394
10051
78121
88432
49811
70146
71357
98746
18912
59119
32893
72031
55100
52588
45096
57575
58382
52964
538
91443
4877
72407
68358
52009
40746
40337
55689
87718
46951
19753
67981
99315
19032
72260
15081
96409
4291
39305
40027
30119
11278
66244
47339
68180
69544
18242
92595
36587
30861
37209
61215
2170
26302
91368
16630
81837
92756
19985
62379
95089
92015
39130
81182
65889
49169
24587
13911
16798
26549
74341
27148
71752
85965
21601
27027
21729
66527
59781
49918
78283
76252
65886
11112
87053
65748
1213
50898
43380
99203
3025
41646
684
23375
29594
20333
65388
25727
9030
25133
10356
99904
54197
32579
65038
19067
92937
33235
96510
89688
41123
30764
48792
15539
1573
88597
5177
47600
55774
68244
4975
62974
36212
63071
34683
242
30960
37098
76319
89538
62520
12450
75173
66923
83913
58889
97546
24601
46325
2340
67992
75213
79795
43901
38082
85056
70788
95223
76113
39146
76805
83345
7220
53344
12481
98503
18890
12212
62731
72512
25380
35308
93507
6440
92485
8355
51354
94859
93374
16380
46163
76387
75498
79020
31389
6469
59279
92023
97524
68734
12116
38021
56818
17336
72171
1081
91276
36595
89795
28385
16952
24411
66835
89003
67254
32546
41172
64461
65443
46647
3811
27836
99668
70126
87777
99415
52186
87108
30449
10807
23208
59103
33120
39620
94896
71360
85996
70008
76615
66057
5081
35726
92274
68051
77614
27621
2450
81630
73098
90933
89207
92601
31490
76714
42380
16903
95717
39058
87119
14953
40380
17640
35482
87157
40714
44264
1208
83529
54759
4746
82568
50201
42064
26242
45470
76535
63173
59667
96791
32397
76531
82762
93516
9912
46855
25104
96503
45500
78232
68801
52793
10870
3370
68527
3210
7661
37114
1517
67807
2922
60975
98756
25041
65500
91250
84987
11699
1997
77038
67533
65196
41675
39360
22473
73221
79727
23149
50110
91583
33748
80546
80735
43954
53030
74411
15468
96117
97986
63490
12336
30127
61015
43107
61625
12444
72276
26782
69292
80452
99513
290
14292
5252
54796
48936
63879
48943
12977
49035
47495
18159
69559
65555
6931
84209
25643
89600
28522
17222
60300
84396
43927
79533
88351
69132
53164
22546
37384
88601
2259
92854
78374
17953
87044
59280
54916
88126
71308
72248
53373
94029
23966
35887
5921
18854
67540
61682
82769
33651
86132
83613
61901
90513
51760
54878
37567
46284
2007
19964
57671
22943
70172
92502
68399
63694
32303
65812
66258
65925
89000
69071
91571
12264
94383
10668
90662
25793
86513
89115
29560
55937
97645
90572
7384
51144
9321
88339
80011
59034
62959
85770
31845
12625
56874
69064
26169
2676
88392
21275
25912
67670
83002
96966
62244
25188
43316
58686
78752
18949
44330
50971
16304
41478
32925
53496
35937
45640
42483
29688
13428
24864
52004
90332
44708
5128
83743
85139
30525
38299
74287
96130
95746
19787
80337
46261
1608
22333
59714
33289
42508
76476
45374
18
1903
57045
52970
86949
79019
80681
3237
29031
8036
58240
36563
14336
38455
69152
90102
30531
68678
34280
75344
10396
51526
55889
6273
68292
13142
87796
88177
69050
75683
62804
5327
92543
87768
84271
62549
12432
17262
18453
90832
89640
28112
65296
45415
82175
61707
26295
4630
62606
95182
3869
86714
88676
40048
85796
41432
73711
68471
88094
2642
70116
6744
59160
40493
74468
76451
28221
1365
62652
15263
2477
43350
38220
90773
925
80487
57315
9551
29693
87802
41345
57793
61961
13423
33991
27317
88379
61735
9979
22909
91889
20400
51910
58479
6729
45240
96348
98280
26903
11789
39060
61061
99429
39274
48954
73733
9258
8004
19446
68056
33021
23360
6023
72433
44381
48655
99992
38546
23089
83286
28784
20110
97716
93476
40165
12910
71199
50258
80764
1673
55848
17067
71836
17802
72645
2776
23490
7353
52974
28348
51703
36050
47136
36125
17466
71700
90162
14411
88180
95262
30499
13634
12334
55037
4279
31689
64162
81919
43840
20537
10649
22451
24426
45256
97406
25230
16768
10461
18970
20521
5816
54332
66706
91174
45501
81493
88391
25216
15041
81290
24723
54393
22468
41284
58005
32658
38761
99342
35932
92675
39945
20347
21297
48313
77530
45364
88987
73887
90973
7695
62848
89185
89430
58795
33409
77558
59971
73664
4385
26714
77739
39383
8550
51903
62618
13072
68337
38612
86373
85152
83279
49321
86219
51349
66017
45025
15981
58887
12566
58463
78607
7872
87263
99353
53176
56678
12930
59170
66962
93843
87109
99343
72435
75895
82857
95535
44776
82155
18217
13415
32512
82064
48317
22067
31886
82770
90965
96686
11694
5977
96520
97193
61558
18693
470
57488
40341
15059
70956
15679
71670
8464
89817
49052
54203
7529
3356
3318
20289
756
3490
32013
97276
66765
29665
25415
31844
27426
4705
6161
4795
41717
18014
29280
41254
36337
22998
78966
57791
29914
31930
67626
82280
11250
55267
1554
12681
19279
76950
92898
86356
57033
31107
15050
41853
99227
26579
33804
14305
62992
1115
76177
26399
91181
34214
30373
59
95889
83063
17215
42992
39214
62826
28298
92946
15376
14807
94962
8275
39601
71132
82034
51795
42857
48164
34904
44418
45472
81240
28663
51224
17885
44712
4656
20787
98155
36397
45793
89853
99665
70291
64574
92224
69137
79311
57567
79812
25305
29328
42074
76021
95283
93316
55783
19064
83024
81775
88446
85383
21788
37225
30802
43741
93694
73164
18498
66589
56281
1649
71747
89786
58957
84491
58476
73700
12535
14129
56545
14458
64349
20714
32836
32344
91415
32449
43766
91521
57448
89628
68153
94714
81157
45987
37669
97174
64968
81011
37363
31629
95251
99506
77836
72816
1221
87160
80317
27381
93556
52255
46635
16224
47827
28485
4557
8378
1818
13133
45421
23390
19940
24625
9758
85661
2777
39726
26587
90842
13362
96562
77973
78799
71265
7288
47712
61477
42807
8687
23641
53255
11576
97132
69450
3313
78203
78155
28977
84640
39149
92133
75930
24964
32806
26301
46947
97283
87422
53777
72134
57380
54742
11454
29720
55321
40791
86432
65152
42777
48617
69913
48740
47324
63330
29034
25716
78525
71527
51013
93962
67293
11471
96407
34519
52287
23866
88585
88715
26331
7479
79797
4258
51685
26672
10218
17024
34435
88150
87670
79477
76019
54477
53074
33796
16656
89208
15605
59952
65879
54661
71664
22062
22791
53223
69532
85075
81556
60807
81440
75797
77376
91159
4750
57370
98542
36515
81210
88183
10296
29536
8330
23984
67989
85031
24353
65349
28458
21689
38963
22223
90232
29750
85257
43920
90273
68756
17213
88776
46006
72818
55995
88291
56017
98454
84292
15591
23261
61247
94946
13950
28465
74891
5387
12190
13511
50236
76400
19905
4134
82805
16669
67258
26433
46283
31665
48361
26319
8041
85630
84693
14126
85587
90548
14427
44616
28145
1799
88559
25934
38003
55712
46480
44777
1102
17730
46334
67355
78376
67781
53004
24129
61429
40119
68362
98788
98905
71886
9411
8239
62583
24219
74979
48152
82289
65427
49994
54857
20296
21461
22057
93426
37093
54421
83301
83012
53346
38896
75662
19195
60234
28614
12263
90475
18907
64585
26275
40551
75505
59766
46482
81653
97760
81810
85999
86920
5409
84738
75077
90360
67648
1020
52830
89668
89158
45033
1351
22355
51443
68353
14601
98623
14119
18328
47720
95340
44184
1349
73117
80987
95487
80732
15863
1947
63239
71269
42578
91811
17184
76738
38392
55348
85844
50516
98837
81002
81941
50146
75361
58485
65570
21698
5998
95839
1736
92344
64723
95269
63220
39335
33302
2082
22037
1695
76875
56788
7186
64034
8797
82782
7644
78218
36369
6745
63270
8848
28822
69829
84400
53911
6055
30246
12664
65514
2123
75942
29052
67342
92394
12686
37159
1348
17827
11027
96491
34457
21907
1873
74988
73844
48976
81573
81399
67550
86840
12249
328
36999
92372
74274
7108
49134
27315
28041
17514
77209
33664
88837
78277
12333
25408
70577
64911
92065
63523
10336
80505
10437
7939
35587
5876
73103
69024
79889
84799
19805
19959
39886
70829
89335
50339
79751
45821
98722
54132
99989
19324
73059
77466
5422
27351
15289
95115
10728
11966
94684
65845
37624
31071
83288
14905
71180
56136
45693
90494
47948
60486
45304
85408
53352
790
2905
26205
60291
7224
11640
35654
47252
73362
19637
79766
88097
59145
78967
25447
92374
19506
46834
99327
41384
82323
964
40086
85227
66917
94066
75751
42216
82987
84981
27693
53606
67458
69915
35959
94088
65580
52865
55284
38158
88022
19623
11053
9927
42664
44392
47800
99684
48338
4671
6635
82541
86330
94500
17892
68326
28847
9716
22404
19809
5602
66488
36716
99277
31553
7362
30675
7070
28575
83323
48824
53414
74278
73907
3157
87578
8140
83882
74976
10985
41191
60349
53970
9053
55438
29157
75356
59488
28187
72606
57127
95384
24925
91321
35526
36459
40204
81453
37584
71195
55407
16614
15455
84731
66064
95160
92907
98144
78304
30979
98959
44027
36452
53641
11369
97930
43263
62842
6996
69828
16005
51471
98875
5772
51971
98927
24235
44450
30183
55810
53893
23212
31020
47488
5154
99934
41469
48130
25395
75740
82249
89223
21559
2910
70501
48688
20740
70674
67462
53808
38355
82461
58472
7587
46952
30843
60684
54963
42822
43115
42727
25366
25997
15029
62283
9008
45959
774
9560
30140
7914
86285
84368
44069
19014
3269
4205
36633
6937
94395
66693
38747
54608
29244
70703
4051
82883
88053
56042
32877
5317
74534
35069
22494
11892
90604
35506
94843
93485
10076
95180
38943
41810
12704
11918
17404
47595
80127
94430
53398
65519
59122
80983
83779
88853
99145
83815
20857
16371
52247
71828
88880
71656
37732
76895
20319
35396
46728
43982
98043
85402
27390
21998
91911
38928
4181
36345
45402
7538
14709
80819
89447
21467
25967
75480
55673
73806
60069
47957
55981
33135
17064
25974
76317
94765
89953
19726
24301
92123
33706
97894
32721
79962
58315
26435
6303
94231
13335
71371
74670
69518
34235
67168
43384
85319
88668
66430
27183
74160
41322
79110
90552
30200
65627
54511
81472
73562
2960
39353
72458
74773
28693
81489
56812
86997
38068
89891
51090
61797
51807
81036
98517
22702
73900
39413
44150
22118
9977
91790
34815
75264
40659
19185
46148
43129
45410
12701
61805
81345
41587
14485
37950
58832
82316
12997
34254
45518
28947
26077
42979
87180
65606
93606
39940
48850
30129
88632
97640
67942
42937
56514
4584
99058
10767
1767
60435
10739
18255
41614
87550
36211
25092
65888
58274
53351
46820
59658
64571
48543
3129
59810
2043
76882
36813
36284
86594
47943
10590
18479
70926
59180
29604
65908
44353
2964
68969
28180
84988
10469
32313
32327
38863
36457
19019
78649
60434
23233
20390
66386
9338
40576
83036
45807
88970
9406
17569
61244
74271
22568
52432
32966
42781
17912
39185
40872
30276
36363
94745
30968
49523
65594
53389
23117
20398
75229
42069
3779
56633
57422
71813
35469
87351
12866
12680
74568
22019
26484
71193
39277
12348
87945
1598
93584
81511
89711
51897
7087
93319
6430
19063
45986
61000
70152
14102
63569
57656
53017
65564
20192
13782
98373
20293
8495
62269
37367
59348
35728
99702
82936
18383
23798
4216
25878
17806
77560
51124
33649
99984
69709
97021
77324
40921
16515
34438
69567
5585
93777
41360
23015
52871
8090
60739
96177
58978
95856
85296
57814
29651
80728
3041
68815
92326
12410
62371
65619
48828
45951
48905
93661
24661
75103
15260
72339
15473
69346
15477
13149
8526
88874
1111
37609
66324
64309
98200
17733
81896
60968
76374
13890
95219
38507
12123
60208
62421
85387
89655
54521
98964
68803
70751
90534
83495
86823
446
94218
51771
43895
84564
60518
29729
58807
9103
64188
79446
63921
47288
88199
19917
96338
23543
72064
19022
56491
92245
50958
61576
71397
59048
44461
93878
52855
44130
82707
32385
73506
78458
35963
56575
28829
81347
8302
61023
20677
41035
72545
8975
96414
13074
71621
60130
43726
98391
25801
78337
29998
18204
83709
18832
98634
28354
95125
56005
75099
75515
98275
70364
72614
18180
47724
2576
93943
72841
28997
6970
55585
35153
84880
32642
53298
89927
66551
75691
16632
8961
16578
25557
69547
14370
50264
90910
69290
24106
11160
42856
42301
74660
78706
69925
69969
3345
46541
22589
38390
2763
21992
69977
21187
40839
42634
34419
13627
73050
57076
43907
27900
76943
99876
30798
97818
37295
54820
10329
68357
16909
73804
52966
77977
90565
82263
70453
76647
9118
52985
65757
66593
1636
33741
74921
69116
12370
86663
43340
24536
37684
85127
80298
477
2962
58210
42264
1667
25397
54472
1533
567
76334
69393
34217
17980
6786
74186
50382
38807
95397
6362
92681
1747
85150
541
35412
95565
22806
77971
57659
71067
33364
37636
54962
43740
98063
32162
86402
89106
30458
6784
51555
52981
69530
2814
57600
94621
53933
78373
49532
54769
61200
19127
89094
78007
95590
5474
85633
29033
3260
6932
9410
56122
80749
39951
84321
17310
20475
17182
81115
32189
13102
33089
96920
51061
51260
28669
55064
47503
27991
96703
88037
70313
53293
28497
89180
12021
7930
65613
57643
48984
82338
79343
93877
62267
63717
64793
84375
28687
75743
61837
56584
31084
85958
55224
27031
83369
19760
26854
43049
29963
99737
6917
88034
38592
71835
66826
76322
97124
63825
27068
98614
6835
99152
14053
92514
27735
33714
38391
6070
95551
32924
4336
85689
38362
65200
44726
71844
37638
45871
93807
94035
40780
80545
67356
45036
8129
88076
18366
27860
27907
98920
26915
9982
47792
58518
6264
23266
82306
64602
74301
81829
34640
92223
73220
91375
94903
12507
48818
78543
58087
40894
7313
69904
46748
64036
41299
81471
76457
37232
743
72410
84424
44853
58963
94530
37738
78388
19968
52361
61562
44073
74248
93217
96596
25812
68140
96701
47663
77574
7510
11191
12172
39994
59004
66283
70720
7743
27391
57256
17873
87895
3192
61494
9324
63722
83872
454
43266
12845
30243
76388
67951
2020
39220
43742
99714
92169
93926
31715
56882
48
81301
17427
30296
97766
25961
86515
19581
91378
62029
92670
31186
12226
78439
5075
5163
40946
41805
54977
12583
40879
76433
1798
1988
79805
62729
37631
3549
20102
94558
79941
30451
97431
63668
15891
79399
33383
76537
33252
31718
59599
8789
90112
37358
24021
1117
27722
53433
79655
65159
55611
8084
40183
23819
4319
62415
48107
95277
5926
46338
8781
75398
88732
33534
32853
7873
47209
3757
12991
28625
70787
40421
28417
93587
10862
96913
87654
63355
14512
77236
67945
99499
9267
86845
91748
61618
42947
88852
32417
55210
53279
8683
57631
44482
28061
23178
36183
58783
12944
7426
76075
65720
40381
13351
57924
4187
2001
31512
9915
56904
67778
34563
71079
4015
91453
38586
50304
17825
36692
55921
76837
25823
41115
55824
93468
57339
27708
27999
82950
32544
51949
93222
23242
85801
90627
6875
99538
43422
51160
35058
58857
81010
43622
40561
87131
82303
17915
74949
64553
71985
52579
9918
3648
63866
99337
8478
40753
84974
27803
25536
93392
9160
72999
25394
73171
41214
50820
90717
50449
1234
13131
4958
56619
16487
65578
10704
54386
35601
72368
64277
69467
17322
10567
18273
12128
9631
93945
69816
94838
11320
76245
8508
75547
96518
72219
46463
9796
4448
50913
55540
43161
73357
2900
43011
4335
87167
18548
21930
64159
25256
88868
53614
58696
89551
68048
77275
45437
96998
9746
68792
45862
24213
18193
77124
6927
35044
52158
67573
65655
50460
22565
82006
84579
64963
12870
617
17631
36612
96382
30799
78130
6234
51417
3762
32473
87957
81213
79614
21718
12790
42755
21390
75840
62475
36664
29330
60086
4899
36512
7638
50585
88194
79851
36242
96494
84555
12553
66881
6215
80951
90186
95859
57049
72674
66999
23516
45160
91413
90335
64306
81068
11884
59389
55382
20929
91091
16639
77271
40386
22311
69550
17937
48274
90395
28229
53743
59250
87524
20518
65289
97134
18895
55450
30868
1074
23948
66559
53608
54172
32448
12948
40928
52707
34158
9608
46044
26232
49379
57111
9165
76241
17212
90482
28215
98053
58138
40259
32639
50783
58364
28752
90017
65744
84941
30750
55920
64866
18753
96374
92925
76625
89669
56189
85231
58016
62595
62964
22948
73611
29446
65789
11968
95701
54808
76379
4427
883
61580
54148
56906
56048
97835
14044
1627
47958
66538
41986
88396
35216
43675
60626
66631
96878
27402
20471
36547
34617
62183
89505
51609
14794
48172
82373
99357
5089
57421
23935
58484
23255
26757
28494
5785
12291
88125
21027
42613
89996
10352
79884
81640
27634
55524
21412
55036
43553
33295
21861
45533
23786
34405
22126
13668
71633
12151
67063
78050
69912
71925
42813
1898
71039
46039
70924
7726
54464
80618
27119
22086
64203
80515
33069
71905
63684
67183
77048
49664
50762
28864
65061
45398
92863
49447
93102
21610
12329
61980
69266
49262
81772
62903
50578
21558
70449
21752
34907
18873
64296
58851
87540
62279
55401
48810
80650
83907
8929
47121
58304
25472
37526
94391
27571
1178
76787
25743
88148
33256
3441
26168
30372
12316
30508
33288
33931
67333
89597
82630
64379
65978
55744
43084
1099
49560
13961
26746
45487
3109
60806
85821
29163
96612
96584
90749
33214
60922
20944
18947
21844
19648
40808
63492
23655
81874
55070
28507
78551
7577
83588
3422
83504
45274
22714
64345
31179
17306
72425
41030
33558
25525
1730
20057
33314
46370
32550
49854
47627
11172
94936
85949
62864
91106
49469
61644
4493
29999
92674
26074
8817
12404
20257
97394
49024
95156
10888
63625
5865
58811
83113
73530
24069
24460
71682
40401
46961
34763
19094
53010
59129
46156
21203
94175
79534
98631
49708
19621
74048
58599
60202
74489
49517
39666
67878
27130
18087
14201
23104
38395
36789
16765
7467
57034
27132
14028
92568
11478
66144
53551
33910
64562
85874
23622
69281
17568
30324
23929
27994
45893
87561
13796
20866
92464
36062
40494
78280
87940
96189
52215
46858
71567
15199
86156
64903
47672
57755
19148
24514
34388
99842
81980
73762
67398
90389
8648
25712
39647
19954
99819
63372
3471
55553
20876
47837
42297
51550
60871
46339
22030
45381
99927
37332
27188
46504
74957
69181
95691
9534
34698
84142
37910
85870
87141
42222
6491
71194
42306
40962
99063
64363
41200
26470
46501
14864
67442
35311
28893
57841
14627
71758
56542
88117
96061
4735
61923
12007
29562
90732
99978
56171
14231
5579
4503
55716
6877
6287
8258
54699
75973
68141
34442
29767
51372
9280
56721
55346
858
71993
90397
89484
3413
80868
88484
7713
14555
10543
91078
25312
95201
26777
91055
45312
55901
8197
51647
25436
11930
99526
74454
1530
19001
70457
5398
41377
58845
94625
2315
94101
59123
27723
11726
21077
87923
63103
27620
76202
68498
35851
42610
87360
17858
23626
74007
4522
62554
90516
80347
76897
78677
93086
60582
70874
37656
64029
76947
70775
64662
59560
56398
76218
68096
84299
69366
49075
4177
27739
36138
50054
19177
47849
55593
33228
99595
82625
57051
19754
10651
78396
28865
41454
65595
10813
77092
82490
97539
85110
3763
56215
21091
62228
51469
12609
86430
67845
92036
93795
22583
88140
52905
7260
674
67602
69842
71331
68259
20524
58165
54019
61319
4294
84510
81366
99155
15264
46781
68863
99140
1152
40607
80283
30557
27365
126
13924
81922
21396
61395
9759
45841
66729
1979
13746
92295
96188
43099
80429
59737
75946
95895
71848
62306
11035
7543
22963
19871
2801
99313
55971
36765
80344
12951
56754
24473
53927
25561
30025
69986
28276
4902
18294
48614
79151
95059
50473
61029
10405
79456
94334
5837
44857
9360
41389
99592
54368
73097
66727
55832
72463
94028
57634
25920
80448
16023
21768
72358
52817
11702
21818
12678
50890
89421
61527
51814
50651
39571
54675
6390
92559
79585
16178
35918
34265
42379
32026
74060
29866
40506
1837
91006
4647
49807
37880
1430
42879
44800
73825
69238
81671
25253
63435
80155
76712
33730
83590
62620
45878
450
17275
41961
74973
46168
31058
18906
38405
3844
49168
36055
26076
68693
39083
82524
87575
70963
85294
59863
84713
22656
35087
94376
63216
24917
95783
2888
68631
83847
84419
91668
772
47796
97575
22787
3544
94263
29788
52518
81322
19351
45344
44586
94407
33370
37396
86383
34699
49797
12181
93578
45488
54031
25012
52567
97953
16229
17564
63647
50884
73249
9282
53729
92690
24056
98608
79978
86387
82084
71609
71783
44334
19371
34580
43796
5618
22653
38111
83068
56075
43186
20158
27754
79029
57739
51496
22412
53982
35463
70883
97829
50497
44970
76450
94564
20825
36190
64127
17433
15802
55042
57062
55180
19358
13353
72426
64232
12913
58630
78708
20098
74364
15031
54966
77963
68266
82653
25127
68938
64805
20077
37888
23525
55996
4038
6131
21477
5581
56655
74231
76507
48339
23570
24520
62653
38182
99095
98153
21394
59017
49208
35095
57717
16216
37452
48392
73958
4819
19124
12752
15521
76461
9443
90147
28517
26895
20049
5102
82642
46681
15265
78503
48240
21943
21936
31577
55485
22723
7701
63962
59014
74840
64926
22190
11527
99157
128
13328
23985
95209
95658
31799
73884
80102
20982
12083
69557
10945
35068
56775
36943
53904
83993
85425
561
16591
91817
24774
90322
4961
53691
25816
40113
36243
98966
77394
88263
59058
54043
675
67731
89438
25590
56444
44891
51579
13487
67817
90006
4983
22736
77498
24267
92913
99795
57359
29931
62199
68201
37923
23424
39465
76121
20189
99961
32047
92212
64693
95417
94876
77811
17860
72916
72469
27592
26415
46360
92579
50221
30263
51750
77027
84962
3569
53025
69005
26948
79895
58297
28202
65577
98700
92165
78310
40986
611
26031
42599
27352
22687
80888
25246
67617
27526
34434
89965
24020
66262
19786
25881
30743
77744
36115
30380
18349
63576
95285
41572
1424
50279
32945
17804
95749
83450
96854
90606
22709
32
55349
92265
11716
42911
45613
82853
60984
29509
91468
76103
71317
15836
37030
34780
63034
64563
9563
38447
49031
78906
88941
52196
84475
8629
90001
2533
96542
41605
97460
73482
71460
98051
10107
63775
82024
65896
16490
91900
61444
34615
21685
92608
65003
4000
73941
5818
6086
99564
27651
72251
70337
30514
24441
91692
42011
77582
1087
83213
26478
32014
56060
82098
76826
48557
67697
15951
70876
20945
54330
69221
32106
47322
73861
10992
35248
4048
86757
15855
69037
53319
21112
30204
84956
88761
70342
31589
81209
53069
28152
13214
82651
92916
57131
15668
15201
19856
92723
46789
32188
60602
37323
94212
48479
68964
91241
29364
31412
96289
87303
33024
84369
94649
56266
7967
69106
71678
58088
8685
84452
32154
21863
34066
9191
34432
54209
41492
374
34636
35501
3013
83781
85916
54840
88571
97534
19038
42779
4184
87246
97601
58736
90820
16186
85901
10906
16495
40418
49420
56434
79731
54074
19372
47888
3291
44973
12879
75169
14078
30931
27646
16635
80990
2859
69707
77840
47517
69182
80331
68723
49728
56798
86865
87392
62357
63620
61220
85101
19246
9177
62674
65153
55238
39712
74361
68658
61118
96917
42238
35921
14519
74816
4128
22065
43879
33597
58175
67241
40762
53191
93382
2842
50907
2742
85339
2475
82501
69117
55027
55682
84007
82496
17201
11546
33866
28777
18631
38463
69664
45194
81764
19924
58303
99664
62486
26439
82828
77079
60416
68186
3657
79379
6051
44570
26650
259
26543
82109
24636
40521
16325
33779
22915
80161
71466
73180
43215
95295
17671
69057
36903
94827
56176
9257
57435
61974
28094
26924
40501
72912
42463
15423
58158
50386
86903
22609
25065
53831
49839
17957
23138
54987
43929
14647
68239
12534
3358
99915
14829
76068
38759
14209
68595
26270
19210
54970
75220
56081
67948
41840
92384
62891
97709
76839
91778
91507
67524
2850
9677
57554
7643
75328
55154
28322
74249
70387
51359
77451
99364
78971
6091
64928
82427
56880
65953
80081
48369
49456
68493
38866
82254
27462
97819
28569
60209
17767
23317
70334
80393
37412
79803
15418
2796
4250
47999
3643
81709
32690
60595
69389
29327
95501
95984
38750
66516
73376
76570
23960
15465
1777
15002
10803
72141
80507
60771
74462
35047
87828
2365
55765
46670
81294
1144
43325
90658
55859
16580
77419
63762
12588
25289
92185
49656
64854
14824
31673
42553
87555
93686
78954
72802
6389
1710
47423
29680
94367
44841
82862
5744
92971
8523
89525
1507
58898
30509
78052
23660
56593
3706
99351
7978
48636
66931
93568
74202
26220
79123
25354
24851
21123
58391
73906
2683
53488
96819
36798
13825
57826
95835
61351
41442
40901
77999
61328
4754
97872
29869
23657
52602
59304
4039
75842
19052
44544
74090
24015
88216
15559
86020
34587
34484
67563
20604
1719
39415
11121
28695
9908
3997
56105
47468
24710
24972
36718
62479
30701
71634
88997
3640
66033
91765
2609
87374
66159
19058
2321
10982
87347
87035
53609
55538
47993
71763
39816
44176
33569
92127
66373
24121
51228
69738
60348
58392
86033
34960
94019
25986
16705
91840
95858
10458
71188
99887
79923
63760
91597
48147
28577
68095
59542
10426
62813
42833
44083
17602
2087
19024
66763
78580
86596
49355
33986
84175
89482
58717
92302
28683
4821
64940
11477
51418
19775
44978
50485
31321
46071
13123
33071
18351
68536
60898
38666
96165
64676
32021
17715
7256
25340
59869
5950
11026
40812
22203
68945
30128
69951
54163
57391
49410
99428
43097
90350
7539
56905
53407
50791
80090
5634
99310
43127
15592
16839
19271
9124
78083
34577
77632
91492
4806
54305
86486
58871
50282
1419
48049
96741
9370
92057
82721
47893
38656
31256
12068
92955
59927
97397
18385
4618
43025
65285
97564
10184
35460
14533
89116
34193
14128
11188
85084
71884
63626
69333
1448
11715
38726
82790
95861
14467
30208
11664
66914
63732
18431
27229
22358
79025
32750
17916
80253
39734
637
10572
81704
57070
87618
93561
29301
33625
33610
7315
94998
23694
16357
8433
5379
84651
30406
38067
61452
44899
27685
82709
53252
33311
65265
9363
31035
64569
28631
8307
61906
95914
52291
1335
65685
85515
19820
14936
34369
33019
62651
4239
33528
41426
44160
56816
33993
17202
36456
53263
78606
68877
88102
92655
55443
96996
23204
8214
56841
13413
4178
32254
2548
61841
48275
59703
61366
80052
22513
37413
54229
87879
83877
70042
11637
93008
68995
91991
32701
31349
86642
20038
41281
90812
85687
75277
60816
44292
94159
53140
26151
70807
89801
1924
54417
22696
43100
54182
48635
53839
19261
74419
25848
66289
56402
71839
19996
20759
91489
71798
52433
22801
13401
14254
7981
38180
84658
80809
48897
14222
44255
69732
75266
78217
78118
13836
63565
31470
60266
65262
73921
42782
77021
90953
25803
49831
46664
35188
42057
79989
96119
66650
72756
10849
74486
19040
2407
38444
51593
86182
21410
24581
92110
36039
3079
17998
25257
83880
85015
80511
36356
17954
6748
68213
85125
44293
40495
76294
13527
53400
45384
9678
8217
11621
91372
42895
9712
99048
75858
90496
77880
77753
20243
8067
40737
74789
62212
24706
50151
71935
72742
2633
42873
34281
5636
57310
32019
31744
59833
29630
51137
38648
55670
80318
52618
77766
72015
74546
77777
27319
92604
96512
14067
20346
11743
87081
25608
61114
95255
67086
19728
30887
62537
26039
31280
55302
33070
52502
72314
25708
122
26418
36757
91494
20915
25788
28203
13139
69588
90866
35417
74712
68132
17556
71290
82849
20696
19537
84619
14854
47450
87906
31633
88342
44192
92004
42096
55568
8890
2891
20686
80557
50536
65527
89908
92157
18213
98570
60639
79194
70563
25887
6184
26677
71241
94311
59243
16275
55353
78921
96103
6736
30873
12445
92506
21701
12473
42735
1901
9069
60955
94024
27397
89737
31362
96802
95212
31427
98643
94470
35581
53214
31624
29611
69364
10091
4856
49582
67158
68320
19315
32272
28328
24549
75176
11033
28518
12841
95406
92823
47461
62835
4950
67177
12637
81757
44975
433
25067
93717
7181
57170
65726
55018
86729
76804
24092
80830
41985
77064
50250
60613
32158
96082
67182
15311
59687
51951
42152
90383
55561
55399
47254
63359
9079
43413
88582
97594
5781
53936
76040
4599
5590
81367
82971
18013
32817
46171
41999
77615
11123
74004
33765
91871
87128
8205
8280
51432
68226
49214
80212
43172
30958
29709
37259
15957
31632
33361
40111
93218
80501
37062
45102
46911
45580
93395
99663
86620
32537
97706
628
86453
92077
69875
54533
55863
10979
72531
60583
71310
66137
32879
74666
91340
83300
49692
55911
44380
48781
3921
39820
29227
58778
24236
73264
94072
70817
47373
71225
42352
20345
11511
18033
42019
88207
35028
54328
66802
33083
81459
4142
36416
21741
8862
41222
50429
20224
94763
79919
88354
8421
91995
47520
74669
62121
89020
46945
88682
70886
54467
77954
75375
85085
442
23506
25390
70445
28463
23872
39217
34321
4955
42461
9578
6153
59691
12133
74550
5369
98880
47439
89885
54864
99682
18165
5206
46743
39658
60696
5372
44635
40005
302
50225
90052
79511
33594
11900
13177
4582
8776
57917
36784
64864
14959
86407
32795
5922
7842
65565
31864
99163
94425
2973
64722
75161
56254
16089
67999
26644
62356
56139
14096
2945
58856
69193
49519
49964
7062
35804
51744
33526
75955
29077
5331
92669
38673
64456
64298
98427
50984
33932
78080
56571
58765
84332
63403
16830
48110
2989
65476
20051
76887
30401
44060
37936
27719
36140
49084
76141
89530
15956
25577
48075
24459
57492
24509
43324
77925
1086
85928
51709
80245
14291
31407
29186
78296
72768
46896
43899
39662
4876
62141
18179
90289
25994
24879
56806
49163
71047
10247
92390
99100
81779
71316
62259
3387
88127
64319
3608
48057
41738
49906
97529
88587
79640
30801
11024
23962
73817
64541
15731
48247
95970
99358
47382
30671
59448
22508
10322
96020
47579
74525
82932
24243
25226
4699
17507
73678
6120
77292
27635
31227
45291
27213
61194
33939
87319
10519
14113
4911
97438
11877
48162
9546
61632
14772
2848
7453
95343
73666
58177
24699
86119
72630
28462
38632
84434
34092
14711
52077
61826
67309
79349
5791
71111
83532
39317
10332
14577
31004
75049
7336
57321
84264
13037
28607
71088
25959
91258
94569
50819
61886
50574
24776
37329
63443
23416
21025
95425
68139
74717
83050
78200
47762
76637
3618
60078
74309
37965
90326
21432
99582
75940
11959
95554
79225
27657
52988
72917
11400
94926
63020
16925
80175
24391
33843
60494
23888
77086
57759
14488
23401
68297
4480
28509
75855
63322
95131
6093
48909
59263
2564
20160
23614
96548
97994
39463
72938
77372
91951
15314
65878
47431
71320
89769
73173
6160
41650
48642
42348
83184
88731
34428
77583
59235
93466
34986
16871
7406
45177
33141
31739
60549
37315
90298
15935
90191
47195
11322
50569
28620
25358
94020
37444
23537
8277
43769
31572
88988
591
21899
33749
72151
31711
86374
74636
42633
96591
44144
63648
46626
13189
13036
82192
37467
94654
40024
56010
12421
82736
7483
20661
34219
33234
13061
18945
1902
58345
10986
99532
32781
41609
48746
60424
13534
8501
75424
22670
52078
33080
17361
78369
14264
84908
44421
18238
12032
61651
20889
8531
11311
76566
93138
77284
81575
56063
97020
361
64042
33635
52680
80771
13491
30450
99027
1035
63186
39763
37082
72169
64295
67445
88762
34365
65294
16054
44466
92339
60124
58908
8602
19403
67208
35243
85622
43967
83379
70970
16377
84721
16095
89699
33868
11786
38143
59957
21218
69967
56665
79042
33691
99148
40519
56642
22495
45788
76997
99889
7686
27345
34362
25040
8545
94172
81178
65617
82090
8857
72282
89708
90361
59910
2455
13462
75423
89922
76513
83177
33420
39491
98590
33887
36544
69223
19457
95367
31242
29848
76386
20255
60155
11007
38587
29078
15842
63878
39126
55496
35783
30691
2780
51981
53371
41239
76097
25888
43777
71658
38324
77481
16365
78253
88261
57689
62105
864
84163
89861
74279
29822
81938
9472
80497
56776
36003
64804
6224
45028
15491
89703
7500
42397
1992
66437
25518
73989
76834
98876
93701
30872
83931
31029
57382
12117
11335
29119
33447
53384
45430
6271
10506
54001
47934
57556
86866
93537
77659
13138
31972
45872
31015
93856
35971
12868
79846
80676
28181
98221
57109
19294
37841
49847
14329
3181
36745
75443
64607
3234
18778
94326
30046
85043
46533
47576
29319
23279
56549
50546
25673
59650
92840
22986
96067
77826
72208
10106
90629
7823
54388
2386
83923
76812
35488
64709
66717
92982
61870
10494
56614
25703
44107
92035
77193
30716
21720
65460
51023
7723
86427
61898
16885
91787
95654
77972
92213
32909
7940
43209
40502
29147
95703
78065
66606
74910
83211
77248
81827
85224
69041
72530
96964
55114
54500
93204
9047
32353
88794
45040
6753
15419
93205
33491
43919
9488
62147
81140
81568
88705
22933
32847
52314
40606
1264
73319
98548
38955
20664
30535
35825
13820
22705
87218
89738
70019
45346
10347
369
24485
92498
85026
82068
78136
5875
64066
10226
2833
93613
86210
86002
94004
79663
31514
38096
38401
34304
20368
20161
89736
39151
81378
45461
98925
68946
26306
23949
63219
75726
2991
55137
31992
3679
34599
52442
77745
13086
59172
28908
57335
65937
47649
80747
5005
84388
2944
78983
42591
77746
30774
43286
57409
26950
22504
28981
53494
51887
17555
61986
86875
8278
96939
72003
79236
52600
57353
27664
67609
89550
82378
70423
31750
83283
14821
71781
73927
45846
92109
16847
60910
60511
44587
9167
69243
74874
10317
79538
77281
78728
41824
67852
94808
49942
34561
13644
25016
84910
37735
7774
16262
55461
60679
66497
63954
47946
77260
2442
55988
48139
26294
64196
55779
48504
31170
80143
76594
1243
81185
41631
95238
252
68730
81872
86767
47065
94647
68033
61817
813
34536
27952
2402
32199
94303
40417
60305
73381
91663
28955
59583
54050
78834
81882
19475
85260
46968
27010
80410
58637
25765
64814
10096
28646
15615
18708
94310
72683
22381
53312
3819
57568
35879
69773
34507
98174
39696
19836
74824
45409
66688
36177
86346
67023
37865
9355
21369
1632
78718
58466
24072
67559
76428
1227
976
22361
86058
44299
51655
12807
76665
23273
9362
59752
45433
56891
95671
25488
76472
36181
90143
14386
87853
45883
34713
22538
50571
85531
48440
79678
82469
33231
461
93811
14200
16890
85635
27233
57202
65725
53649
40917
39358
45628
29610
15651
44488
19817
68686
71075
76860
85225
45455
63749
22917
99942
54519
49207
29994
60341
32950
63906
84850
65010
90685
61709
78350
94642
45913
12656
87461
83363
4822
46812
86254
3686
81565
95040
28289
10240
51604
9015
5454
41259
2708
88744
23457
51582
65387
11289
37545
61234
29698
36487
92309
76755
74252
56952
91540
38129
65111
38571
65840
95945
37505
38850
15553
79716
63632
85835
10697
79024
61997
3086
46646
40466
49401
10763
85892
9152
22186
62883
17296
84174
70585
52536
55683
49398
92814
66819
53480
67000
41044
12843
12469
43531
36904
27282
14430
56231
8354
33541
2357
1250
30926
56807
61675
12574
13263
76866
83552
52868
65825
78021
23417
3857
29706
17152
96927
75473
55020
21242
20339
58362
94017
69989
86225
55256
46904
66148
8904
61646
34619
8322
28595
75239
98418
45602
32461
2408
17072
26235
24080
36374
88839
89929
97504
58552
18915
12063
15918
8701
23267
23091
31788
45945
51322
16723
86751
98674
82154
19310
61529
4981
62783
64715
53323
12240
43772
24757
56119
45947
73020
46362
77024
71663
74929
53092
8876
41640
74116
10623
2567
83822
57366
71394
37898
49096
27264
14668
87534
89367
72268
5244
82684
35786
5502
50265
48143
60414
32401
27890
16335
90060
25599
27000
19599
12903
79723
76431
34324
34450
10351
74665
14265
44929
16397
61910
86253
33309
74152
78720
62168
47900
52260
14798
33127
88490
66901
96652
49236
23990
92181
57026
69499
73204
53472
28950
42513
83361
84646
81482
37116
42750
47180
99985
38388
15143
19081
51485
13275
9125
28601
49863
40957
94312
67478
5878
76150
74645
75839
22205
96777
21055
51079
45575
82643
94518
57036
1352
58899
42498
60085
9674
18712
44408
2352
6267
83038
59563
57784
33327
1590
88828
10136
58730
59438
61491
736
38441
48066
80441
20121
66626
50197
94002
58694
74155
74812
38426
47294
43306
84089
29716
43038
38937
87256
33468
17949
50394
88176
5231
38862
9001
46181
23018
33342
91343
77995
28643
96942
54193
91984
61952
94105
42661
3993
64317
19555
76148
60316
7159
96295
50443
49595
44679
46312
79375
38020
6763
80137
17102
10756
36328
51932
66716
62522
33942
26529
37088
2187
57002
40823
59071
37034
41103
13736
18827
50986
65074
57754
39665
57861
9464
4066
61765
4994
10851
44394
3800
58593
44519
76384
87457
80275
98685
96410
43077
83124
22282
63852
54678
74064
93234
97181
63973
56554
49434
39235
79774
7178
87757
66471
50855
7356
2146
91766
77856
51759
59030
50242
21853
27393
42712
82576
63978
96195
45706
83565
32850
21202
13706
35882
11977
68474
37552
39954
87546
30941
98290
10382
7009
34719
81145
7095
61201
78274
69561
93149
21533
96187
40414
63462
38731
94820
78744
73470
64192
62955
55543
69672
35819
64519
94700
28853
77901
21780
39794
4206
91271
88506
14477
5806
51756
8595
19847
43426
83221
37167
28550
10013
89837
64850
20690
79647
6936
61704
57174
61105
91219
49748
64973
80088
56636
99104
37820
25359
47068
90614
3717
13497
15254
47260
86080
38308
52104
94914
9652
27554
21113
31400
30860
26505
11889
24974
94487
46299
72732
40363
933
43385
33197
16540
53261
10122
64624
15626
33216
57780
88018
26561
51003
87890
26214
78034
32043
35857
98178
74532
44313
10938
22217
43150
86457
86179
47857
36914
88890
85215
98778
93987
69474
36575
56611
59674
9756
92238
72156
47840
28510
35718
42305
78826
56371
11205
49439
31041
47809
67255
58042
9737
81812
97054
1434
91690
28327
81791
99971
30780
18629
69706
58656
39519
85606
33310
81358
30572
59984
48451
86344
49248
71995
56162
72482
1334
19565
90782
67935
27502
56265
35995
36071
47991
22359
99451
47524
29533
35503
1628
22290
62702
50169
26940
14571
28813
11218
56530
65052
88805
71476
58606
55546
90405
11085
38490
59518
89073
7760
85615
77970
91856
53951
68296
76578
52470
2929
10786
58671
93950
33424
11674
16439
82083
3846
29808
66523
93087
32411
64559
63830
21095
57342
67502
10955
98958
76745
17358
41066
1828
22897
62980
50609
44818
10997
84585
15644
82020
52463
11989
79642
52678
14063
75422
81901
16673
63561
93857
83564
20785
36800
47859
25252
17015
50253
57258
56671
44819
97389
55264
24870
57802
5732
85397
57003
10507
70995
12387
59378
33875
21574
27227
30320
82636
48398
19115
30325
75982
44401
61921
96780
6881
71820
57220
43711
4397
49548
15834
78740
26905
48485
42855
61406
76663
22572
51577
96351
42685
94850
65219
91009
19488
55651
46827
9014
93396
13475
34741
38348
68465
12149
46589
89938
62794
94169
94646
6525
97459
62277
69945
90049
22632
19574
57416
26727
19549
96537
10846
39356
15163
48693
50285
47153
42853
42410
35557
84259
8247
97526
35624
34422
32541
8762
90103
4148
60203
91146
66718
17017
62363
57992
60590
68892
74971
9347
77135
54735
15799
22338
73724
65911
13007
99292
58715
80533
85433
66441
91257
5769
193
28540
84047
89398
14194
48264
68089
86360
505
95715
97916
66705
68420
96334
76313
19514
37038
2345
78226
42623
33708
3933
42772
49870
34175
23602
67963
91038
24714
85648
30038
34289
83406
42625
97179
87306
40964
4334
11479
31811
75468
83925
83919
14495
67102
18634
38305
94964
39121
20883
53149
78079
14909
32663
34574
15301
64447
57736
46871
46422
38445
31230
23853
44008
81664
67755
86971
16379
72574
13839
56599
70982
94397
24104
32056
28636
74316
53243
82384
2920
60641
32275
31855
57810
61670
16340
72052
12812
93585
38076
4779
36614
67969
48186
68993
39218
9511
57966
8790
1615
27680
62936
27411
54629
24705
95927
68327
88741
31962
90363
26768
95824
77835
18414
28965
53727
98505
68281
55375
18613
34458
88866
23396
16210
43355
67081
5092
87210
62263
23322
12999
75969
60791
29070
25971
78995
51383
12617
74596
27749
19794
11890
37948
8880
38745
40427
27464
59353
67215
38600
74149
41621
27878
23391
61144
34892
12992
55463
20646
3132
17638
49374
28697
75777
74963
77863
97771
77567
95289
6353
18478
7720
14575
50133
92161
91696
42209
82700
51391
40747
25484
33402
24617
4565
96941
64841
21779
95766
21684
88772
5961
97743
12055
85308
72196
17179
37971
19181
32499
21357
75215
63402
21996
79915
10434
29859
98255
48122
33728
62167
8952
28147
11998
17444
36049
204
41883
26164
73087
73063
37773
93579
36866
22211
11568
5450
95829
47962
45482
66646
55690
7429
47598
45722
29420
44126
74069
53953
94111
6741
83108
35158
904
33283
80974
4960
97123
67486
94868
14872
54988
96135
30125
3550
66756
34186
20574
61639
68282
91759
20529
16500
45323
66887
76458
21247
41395
83998
46581
47168
85864
66078
23760
47127
63091
73549
57446
82388
90942
23393
9611
60249
53270
98096
82909
10865
60265
72890
76221
53956
53205
61984
42820
72675
91511
30721
27511
36433
25007
66782
97606
7190
50767
96750
49844
54663
23908
31298
40487
65647
74933
35388
7090
34765
10647
872
56267
83735
85664
87975
70245
94867
85794
52666
62095
30338
82527
93915
72915
41552
97741
92572
85576
41959
51357
56354
87219
78909
21611
9861
68172
85699
52997
97117
94787
10520
92304
59433
94345
18963
91777
96566
11940
49139
68805
72521
63994
73616
12797
72684
51502
20899
7530
39183
27385
20631
1622
91947
11580
34720
96981
32944
61091
48495
96255
44788
58753
36842
79146
10260
92531
36954
31955
97261
81976
54479
73679
23501
18102
40740
2276
62406
93117
70427
35079
26686
51161
11739
50274
19570
31272
48416
60122
46475
14191
24212
17125
22688
84154
76033
54425
77933
40751
42111
79327
54809
50617
52888
17428
23009
69630
41158
79148
15086
37221
46315
51546
78880
34283
50749
31582
99765
5242
9111
35919
36928
72955
39883
73397
12837
53740
96519
96608
33244
73633
41227
44980
56695
94924
38906
17116
29148
83162
31149
45759
82888
79604
4944
50615
71676
31440
18727
43915
92629
56412
49395
37442
60712
64451
66553
93735
4878
86868
70185
59349
49312
40396
63317
40490
22164
22246
55386
26806
30356
3361
51648
36088
11962
86366
19994
29128
19212
30484
58867
32107
22179
64292
87412
21971
21781
58336
24828
15042
42768
69535
65134
47653
55451
97448
69506
37879
77375
59232
48166
38790
68627
64642
48866
79882
23559
76855
44657
18818
49619
8941
34575
43159
85228
63785
75335
27463
71166
88546
93816
53309
91615
32042
98214
38091
23008
16807
98829
27492
12710
11530
74806
68311
12439
84730
59290
18174
78473
75035
26536
65788
19882
76432
40478
45630
27530
30686
595
71458
699
578
51830
55854
53310
31261
68439
2305
88680
95211
32157
36213
21207
75325
54204
93219
5941
7401
34687
5799
49913
29801
45620
53015
87933
30815
41439
56910
92581
96408
48928
52661
30180
23900
24275
13385
63914
35795
80968
46757
92021
28935
62615
16564
92924
51551
96223
28207
50818
98353
47152
7488
20074
92819
19552
15494
55784
14251
33841
66083
623
29926
36825
8467
92072
1505
56708
14267
98743
21904
23599
64788
45578
92194
29324
92797
27025
65407
8173
54206
92644
54981
77295
85563
72787
97042
22877
67195
63787
70174
28923
7660
74066
42690
72308
61627
87072
3479
3095
39425
62972
95164
31169
19436
7797
39728
72954
10230
82444
24395
43925
61320
6229
43626
30584
17981
97451
93947
76104
20685
27908
59852
15125
31492
27513
64174
57681
67786
67418
38698
22816
7711
89562
44624
10315
61793
70778
98907
43788
10946
76914
97208
58255
90202
33934
17722
90297
23517
43063
31545
79412
81862
73526
66424
96563
31483
73523
18201
5516
8162
74500
62285
91764
84426
6148
24042
91800
80308
11730
87642
20867
67365
98485
46424
94809
1311
15987
45226
6064
31504
41505
62628
21837
12082
43629
2070
44816
58970
94368
99082
36262
89890
6325
71177
4972
28437
19500
37843
30806
48685
41528
30654
66483
26249
55678
57172
16432
67978
75076
10798
98504
67802
33152
20975
66585
13245
3871
65508
51525
57914
88315
69337
12769
70322
12513
62289
84193
73507
46577
91887
73145
27800
53429
94710
87111
33007
43000
12005
63324
66059
56886
87276
35911
38192
4343
91981
78365
3597
37104
26744
36840
36237
88568
20034
66562
73513
6924
42759
49985
80584
99651
57413
96947
54026
86169
43304
10394
91387
22013
49281
29107
48128
71256
70347
98229
94878
88253
44323
2547
86328
99517
55155
98546
59398
83705
72819
77392
5274
89976
55688
68550
28532
37191
92025
82584
84001
96970
45111
49283
95297
37021
53273
37427
5559
12223
87313
31401
47531
44623
14360
39669
22354
70035
63870
78694
82783
21532
42776
78229
31682
90000
63479
32793
56544
2093
80294
33768
59684
42265
58576
58749
88695
78254
98649
82408
89184
18393
14846
99110
45626
21656
60858
16518
32049
52992
78120
84031
85395
69639
47645
68687
52391
98124
11853
2427
29700
66535
757
34040
78355
90877
34912
10935
89943
94241
71155
46069
64516
7281
95936
53481
19719
51371
65910
2089
75194
52088
43715
39972
19768
32506
59868
18679
19492
89089
78115
68565
3680
72016
21462
19470
97343
55023
20530
22402
98974
45610
67300
57599
97369
18185
8908
4271
33660
22611
43485
22109
97630
85158
32023
72578
36884
12775
62057
15676
38661
95561
47475
31989
4707
56817
37772
44011
87511
35909
5693
58877
66253
76381
48114
2224
75502
99194
69330
97293
36490
45224
32695
39837
49933
31446
75221
14202
21909
1970
79634
19385
40193
65785
20913
11709
38650
1759
2661
41888
15753
27372
85037
64283
11184
74136
27274
72504
86395
70473
48657
7448
44029
37597
17038
85450
5882
54429
39387
4249
25117
73073
57612
50331
64261
31988
58329
85384
20983
89533
78767
43990
64313
68012
14955
7218
83667
29192
62204
45015
56941
39012
75279
15385
10064
48580
4748
2634
6761
62822
87475
23252
29841
60548
25270
23169
15567
13588
70497
7104
36739
88610
78153
68562
58747
13546
18374
65734
18974
90265
23323
51725
57233
15348
30003
47088
17226
50514
19906
80516
73855
76946
57586
68231
6420
22115
37833
55536
19335
22852
7409
49772
46740
19522
69820
42311
64542
9277
54980
20381
38022
60132
93052
5233
82231
66544
14404
6187
25771
1077
9101
72921
4476
52834
66013
99054
30858
14389
14045
40330
40208
61290
69297
5373
94759
54680
53466
14511
83457
11880
53401
35568
77462
42632
2067
45650
89054
88186
89264
25378
8810
43601
61673
9562
50067
35263
77035
29563
79411
57663
49039
68516
98627
32404
23053
69991
41013
78421
23921
47360
43420
91985
54241
99124
13471
94758
39894
12984
13178
10843
11287
22041
62374
15649
23473
31581
53101
40309
16845
58431
62489
95641
79461
63365
26054
7821
42551
20438
56602
94103
54314
41800
19244
12266
49183
85652
70747
45621
77691
85236
15574
59114
77793
3895
6473
50630
52150
1336
82473
36578
11609
24965
25907
36530
31333
52296
57183
1618
81635
44169
1930
4536
1497
31732
17277
43811
64713
73079
36970
9967
71891
27219
31741
28344
28291
10648
85208
32769
64304
99238
77902
86389
94124
97094
95873
1014
76010
83472
94955
90520
18157
87755
60818
2718
5300
91999
50021
79887
96444
76971
91255
4951
722
10140
20338
26832
23606
63252
20534
13769
68727
53990
55976
70013
52074
6987
71425
46313
21767
71074
30394
58502
16226
79186
86314
20900
1659
93376
94568
77047
4171
8894
78332
36275
48250
18138
55667
31122
85421
69814
52973
5829
11204
50323
37020
80880
24827
95540
34620
21429
5391
67160
72526
2400
70554
67112
1346
366
51185
49319
44146
14195
20469
93401
45137
74798
22180
46356
57842
29096
49194
42535
19777
27501
14724
42514
25565
17660
32638
24824
99235
63115
20941
85121
94556
10114
96137
64189
6202
96997
80686
26244
77819
63909
15985
6348
41744
29805
20895
26009
17293
83837
32851
84725
16413
17988
83073
27565
96329
81373
77892
19925
52825
56717
1808
24770
98794
43228
71025
86151
63531
95643
65178
78301
86658
49563
63819
2333
9104
91593
96668
21175
30280
21398
91138
3376
75380
40099
95394
61303
33987
65000
30985
11261
21128
74842
50981
97808
36128
65802
13477
8493
52530
5257
13892
46575
84800
70181
61503
85694
53228
10970
79015
54141
83527
91481
70204
38062
92116
47290
74754
5347
58789
59764
33305
68099
63534
66297
81520
9530
41196
64699
12505
73725
86193
64613
99579
49032
404
49416
56652
33609
64413
33778
30526
19281
84886
36986
61183
27521
98985
2267
91072
52451
13352
33299
8492
87764
73390
87050
1274
33297
41768
11485
91769
72908
21832
56928
95971
95742
90259
99147
27434
68168
983
78910
85812
45622
19632
67432
90287
42988
10181
33961
10202
82738
52585
41615
81615
93332
28205
48017
23950
83328
46387
9866
95745
5144
13780
83278
4026
30004
94283
30245
93565
21234
41850
29011
87860
19712
55597
31586
43862
49296
6021
54527
65583
6054
74122
38795
6041
25376
42462
27380
48941
98952
83105
30988
13978
60946
58740
62965
66678
54213
85359
68846
19982
23497
39018
62819
61310
38655
73945
62838
10928
85924
10388
40535
99021
41282
40481
86517
67569
14469
5036
25937
71624
57140
60116
40223
21472
55359
41912
76233
11022
62545
63673
62053
63235
70156
72991
85869
32362
9864
48046
62601
25143
91808
31006
29878
85739
73674
35611
58993
42123
51976
18421
30353
10588
59748
4761
35838
20545
16709
26456
47920
66597
87693
20771
73821
63903
51048
84812
18739
14220
41460
22437
45176
80199
711
81861
35863
11552
52187
14173
36103
96332
6318
8032
66648
84211
48950
31897
15345
94348
19891
61668
82253
60456
12628
82038
80718
11575
64872
88041
67222
6583
62881
38663
95171
10216
40228
73615
32170
36010
12494
37143
79429
17762
54198
33551
70857
39340
99845
25958
85040
62087
39960
41080
80889
76272
12934
28622
98494
35573
76027
57081
83191
50669
27587
71742
88112
90427
76654
16809
1678
32883
35459
45540
61685
96951
71001
54693
14530
63142
21753
66455
91685
82091
99413
9278
36877
99496
88059
1447
1324
12302
89318
12985
58099
49325
19242
54825
60415
13196
45582
21955
57516
19105
19903
49957
20263
61945
32693
98677
2656
41353
15860
71565
81826
56378
83794
21105
46513
17642
28787
21349
23790
77052
13725
56604
54669
70119
5405
13831
26511
31564
25287
25604
81467
18898
90949
87410
47279
11594
76927
31397
29542
3674
52687
15151
90730
58916
95548
90919
4995
42448
83712
12645
46826
59168
67360
58319
86724
27001
91543
13026
55410
28549
13674
768
53819
42907
30110
10714
11239
92160
34308
54149
47297
4264
54306
41461
29717
19354
9630
73403
50576
71423
10130
76736
15973
22460
77737
87300
24107
22763
86628
83325
50385
26530
42489
90977
81898
87247
7761
75830
20666
42484
576
29677
37110
17224
26297
70806
50991
24319
489
84722
93484
40055
34728
73001
55124
59513
96439
1435
22512
19876
87941
17756
48957
68511
35157
62380
68345
12335
69074
3232
15758
96031
96331
82525
39391
36550
9220
90382
67712
7225
56943
74696
77420
94733
5885
17104
82565
31823
9203
93755
38440
11225
80740
2206
41626
88616
95338
49369
30944
1524
74931
41891
77623
34566
98596
22808
66408
98227
15866
96880
58337
44122
99421
5946
84891
61009
16729
27684
23836
92058
63230
63390
28701
59340
53104
81132
9850
69964
10430
89695
56527
62764
99973
88202
16850
6165
80219
39525
52739
88936
33662
15273
19776
39427
98882
52751
58393
2049
86167
5761
27841
76807
9706
45810
52938
79529
93742
48890
2745
7811
58874
43137
3968
66806
64666
67708
27649
2476
61686
14031
72809
56282
97359
64535
65143
38554
57319
18519
19003
76716
69512
17000
23107
78854
91166
2504
20023
59555
24192
81064
42023
3180
18520
65421
34778
65275
26096
85502
46528
53642
52063
75199
44022
83081
60820
24347
16947
57377
38537
4564
25269
65341
39148
96021
89327
56067
31459
639
10061
36253
96411
75848
84254
27838
39459
42428
55017
72803
74797
78372
66183
48846
56638
48224
6861
9694
99712
45507
69597
48216
78574
51293
5445
14165
61595
99790
79957
21535
750
20364
75648
90032
15604
72325
39106
31712
95309
68840
17161
1617
33909
28879
58627
89425
74493
81954
65502
27923
72330
53266
87333
70475
18672
68653
39487
44288
80962
58064
3960
6910
36634
70936
51811
64182
38066
91429
9711
26656
44965
29667
41006
2647
86237
16106
98006
94474
98436
19468
82395
35190
14266
89196
62124
2570
56290
8045
67703
31880
95323
12539
3186
28280
47700
59801
70780
55641
13658
95258
19781
42645
50107
16042
1976
14741
60523
43071
13703
7305
30312
48421
22162
48258
92530
20425
76142
9460
44114
96051
3795
12688
41330
33933
61838
76656
1920
87152
64782
32530
45
50995
44971
58125
53924
78361
58517
6396
1188
36876
15843
8522
22500
56399
43143
76930
92276
23690
63758
89464
77764
37579
17737
53790
45442
81715
92351
57639
70308
17857
30727
40477
6401
26542
40579
17574
17270
29352
77190
94957
75636
20616
21293
67240
77042
98785
7364
7988
69254
97087
71054
77525
54180
1461
40593
30115
78314
4174
81343
54640
54986
71917
51784
71522
8298
24808
78640
88502
37792
73495
37821
8216
54784
95986
18093
83203
7398
36667
41839
36708
5292
40251
20674
37873
16554
70091
42828
4913
78127
16277
16327
59202
44132
17276
10879
17918
24729
78513
40520
73655
29442
59995
78422
22530
12789
20039
3209
81112
34130
51343
31453
66521
30838
14104
18933
65291
18609
36136
74449
91332
39708
40460
81587
41039
58720
8383
46974
52388
40769
51533
61012
7592
46441
87835
66375
96752
14816
82759
54797
16792
61436
13886
43858
33716
38812
83572
95308
55610
22364
95823
20042
6840
25315
73991
21075
22795
62626
94744
3317
94436
76376
72701
54550
41238
85038
20621
66252
65004
84006
2966
92154
49505
87612
95300
99111
29969
26172
51959
53220
90222
18310
53870
50268
84462
24749
35523
38988
51651
34535
67779
36395
21600
21335
95314
77146
82244
1150
50105
75755
44603
46402
36051
47027
69714
45411
25182
5360
57281
43540
27211
33181
70908
16986
63781
12878
69151
61462
2655
96213
95677
77837
4098
23938
30188
82614
25559
78707
53393
74013
86435
53635
54582
72599
2692
12928
24802
75184
56864
1940
40816
85995
99188
16795
66667
79933
61385
32589
63937
96054
99982
86005
53171
62110
93821
3408
56137
92368
58743
98348
51765
50001
60622
36362
35230
80444
2324
89456
58940
9581
79928
33629
46727
61573
78881
31145
62296
15449
64156
24872
87479
67820
10319
75051
88321
62062
58367
53039
56373
83088
88905
89419
71196
87934
47217
93663
13078
7106
14664
87538
58931
73992
82861
17775
10086
70700
4733
67349
83414
20336
75050
99339
65827
77108
73540
94519
64829
99869
62268
69876
95781
66700
51791
80145
58539
96754
94168
83298
13410
42711
88653
6275
22235
26380
29085
3372
6254
55994
44440
45480
78960
35003
50475
52519
94197
49320
46946
27298
44927
60711
30328
46237
57700
73672
62129
21392
80828
90681
35610
57978
37346
70946
67297
84013
20894
88426
73647
41941
31652
13543
34868
67101
43857
98776
26715
46561
85668
77578
51632
96513
41211
92824
84421
46956
64939
58025
47886
20048
13761
98354
7085
50938
56907
72974
92904
31678
84883
23302
3557
1995
29558
77249
32431
99122
96458
41536
39337
13044
87544
1460
5730
54391
58709
15398
97113
49512
49733
96797
69465
80455
18899
11131
56319
3739
67689
50172
88237
95470
33722
77408
584
10001
11896
25527
99975
77843
37953
71362
24246
5868
62017
49239
55528
6667
17831
72533
60859
66118
33272
67870
68571
706
30000
8704
61853
49215
4211
207
19812
90031
9246
93422
77363
12883
74286
69268
88526
39771
20091
64586
12210
28451
99798
15154
3319
66935
66444
35286
7597
82831
65770
16189
23079
11692
3117
42092
40364
97000
96253
41998
1961
71916
25665
23246
76843
35499
2368
89641
98240
26324
9066
79516
34255
45887
6250
64921
6359
564
92402
49552
99881
46051
68703
77733
41145
19158
17813
83223
26720
26969
74937
36641
65747
68430
29747
39952
34210
50333
60267
88277
7699
24687
78466
68992
56201
83596
63483
60875
66830
64240
76655
17968
5984
26115
43993
71739
76415
76181
24683
49533
66788
68483
89576
92183
53805
92306
16233
86055
23642
25430
85196
75890
5168
20891
38969
97153
89862
77435
45509
85985
48459
57905
27029
85286
63589
70003
46467
67233
76747
15213
49365
24028
25679
95764
83004
10267
86571
14528
1465
86668
2136
37085
42921
20256
50828
47446
94863
51115
17505
2594
12563
24896
36073
63929
46509
32654
37529
78976
96984
76970
6280
98655
47141
57162
11958
76224
20888
49721
42407
49755
48545
74905
5874
84616
36624
92520
45354
49407
89520
83619
24725
12624
55649
22416
48645
23211
2
36502
34684
12661
9142
94736
57138
56084
32455
89323
99236
27156
51495
36731
64347
73628
17044
51610
6764
69611
3174
16559
81349
24416
72068
24647
32947
25636
75338
93519
13246
38929
63522
60295
38379
88332
57816
7063
67733
89005
49122
43488
39412
38901
68854
20067
30751
15144
28332
59536
67795
64977
88451
7630
19879
66002
5656
34558
50321
85018
81313
67113
77111
37090
41390
57451
59999
30792
184
53224
9522
30568
78913
70466
30335
86215
31935
32560
26473
91544
89656
44246
97777
6690
77656
17752
25863
69246
58516
71278
6035
39498
99475
36975
88141
66588
63930
3809
44717
69795
18607
39068
96673
91177
73595
27731
33476
56915
77607
6245
75595
89293
76701
94636
75436
46165
93922
77912
42730
30890
81013
63568
84784
47270
53281
53096
13806
36577
35489
82517
76925
41563
79940
11270
44206
95983
68488
85379
2249
9426
43507
33044
59842
78919
90556
50691
43956
51804
37064
23799
80139
60834
35830
74756
40555
59184
30240
57998
48659
62131
99581
84095
94380
70905
90579
8485
18218
66611
97393
25658
60790
94404
57129
63772
26266
54392
90228
17130
70412
51195
97497
41348
54224
70899
53366
77756
76759
23397
5637
77781
66542
7396
26135
94810
95047
95479
18095
76590
95286
61564
34671
13737
28257
53968
57112
77484
62190
13059
27610
11656
58162
59087
74677
30927
75078
86564
32985
19972
41558
53559
64047
67741
54637
91788
3461
85220
62485
97160
53419
81711
93618
10087
2858
2433
49741
67045
94214
48951
15019
68883
32522
66359
64794
39014
18699
12138
70823
25000
49729
84255
13567
53112
44219
63437
39322
28824
29923
11410
42242
91215
11840
7034
27228
65930
81019
83146
6209
8085
74502
31193
64331
91616
77480
47795
51094
1733
9636
46318
87187
22980
73147
21733
43412
73126
93196
49679
22712
49808
54048
52601
88413
93296
71136
97320
42263
31693
31472
10499
38837
78433
92141
6896
27668
41787
78748
51503
46367
471
92703
19381
49974
44411
93895
32914
26063
28673
40233
43875
67433
13550
9081
92475
18996
99242
59013
90746
88589
27383
79457
33968
49890
69810
25321
37258
50800
973
55031
82424
89765
60015
31266
8399
87068
6914
6031
52285
16075
97740
1522
38460
67526
56339
46793
33851
6212
1339
82915
50924
5555
78108
27572
28707
79286
34004
55259
10711
39288
32104
92175
79572
67848
43233
8144
29361
83343
69562
53846
86175
52708
93718
83443
668
90574
81628
69938
87049
60228
47119
87625
5175
47244
81243
49660
41842
82476
17092
12941
31340
97642
37269
15231
55544
25538
62090
1474
69325
78287
16346
60206
33520
10730
43058
92082
35125
70471
3531
34856
596
40705
69662
8083
1546
58830
81251
63481
10283
44594
69687
50066
33227
76821
39766
68869
57000
97523
40087
68424
18801
66513
21065
7870
18001
42887
42184
79608
8039
35171
17639
36256
80457
64813
63507
22677
10290
36669
91289
23777
35500
54829
64821
57673
34196
62834
36302
47434
17545
19194
1580
19359
52197
71004
12735
55992
2805
53793
94211
9542
82120
42795
16307
95603
54528
7248
81044
46737
29104
7423
35860
66979
91625
83438
66448
27662
11376
45103
67768
78482
30734
47422
82825
94855
64951
11129
73034
11500
78527
18107
64974
12538
45175
35115
76024
1172
70400
39684
48800
24902
57807
77755
68520
51024
13079
47631
9626
42357
34089
95963
43219
55547
78044
31768
32214
73306
22588
37747
41260
52465
37178
5853
7130
97735
35650
87869
19993
71769
31976
1290
8814
48156
45056
88158
52374
39331
66526
70582
8066
66942
18123
40083
36832
9561
96192
53607
71022
59192
2066
18714
61276
42943
49659
64487
42934
6707
65679
1594
44226
53435
53084
8047
23684
5940
46247
69251
69741
49614
31255
18166
16309
69685
82806
78796
37338
82895
24610
27430
84951
90805
16539
13801
58992
96535
64591
64769
49362
4014
70124
41797
21496
1031
4872
97313
71893
44429
8551
26500
29551
19336
98475
7785
63657
44887
16120
79393
5363
30023
1001
60483
25202
18461
83959
49005
24398
75393
78961
74352
74735
72561
34814
78311
23287
90448
11470
18492
82951
89671
64216
18798
73550
82676
84506
7633
24385
84670
29579
40489
79891
68542
368
28994
27980
72956
17832
51062
5079
86716
65293
69840
81820
35597
80475
12184
69537
54372
44691
6258
61180
66786
92778
55942
30560
84868
63671
25623
31785
30344
84683
55838
94438
54540
3304
1105
44091
28881
56366
93341
86447
46515
81388
65420
37725
49951
97280
19348
44188
93060
18817
28745
76064
67927
9625
96159
14758
68563
39792
73933
55323
69892
51620
72189
3442
49889
98455
47526
51323
25671
85116
11257
29679
17327
69769
60326
20016
44836
63655
64704
10885
55816
49013
31939
47765
76267
43785
43703
16287
59633
67367
13642
62667
58662
32511
60327
40098
92763
72323
68177
62334
57348
9814
45146
60920
69832
39370
67654
32372
19966
84134
47035
7886
34449
30540
77269
1581
41327
58285
88285
95161
86229
62534
58689
35022
69541
71555
8826
10700
82662
87354
9569
70388
46472
69545
71378
23423
48395
64315
29588
87164
73839
3391
85572
45193
56223
77537
10243
25705
30803
48329
73167
56572
20394
67244
13637
82335
22805
58407
18531
7254
43392
13463
25231
11707
95514
33848
62966
13396
59690
43043
87916
8934
17534
67428
57952
22419
19218
38048
52753
27122
97055
93443
84429
99835
73631
81412
85336
9447
99377
34939
76955
28958
72385
42715
52928
62875
32396
75805
31540
62457
40277
28013
46522
28272
5779
59568
33425
12001
41537
691
59724
26833
98250
93438
87011
79500
4180
17171
15318
89561
92086
74922
84688
30052
14281
74334
62255
75070
16348
6352
6327
13281
93761
64593
56649
3281
25711
22905
33349
37915
12047
65778
20896
90091
20660
48031
85005
57744
37108
3252
41792
18220
50199
55079
4243
21377
83346
12523
61255
91755
78636
82558
29552
91846
91008
84276
59704
91206
65956
79488
42538
46996
46330
37203
82494
8520
5893
90778
106
60661
42780
60849
77319
89757
22353
10949
76693
47033
87713
80580
30088
90176
31371
26964
63171
79033
82835
36764
25285
6176
60638
23814
86618
37924
98016
81543
83065
1287
4550
12393
48609
30922
50163
79903
70709
80690
6071
34862
86554
21755
59295
8986
58569
3027
63539
8583
86488
94661
67027
48533
91381
71962
68433
59557
39478
66481
73962
36622
38254
65306
59613
65114
74134
85301
38415
62462
61790
32084
70299
4658
34110
77865
40546
42241
46437
74296
90320
