62658
93905
44027
26503
44928
80346
51707
19516
19727
77514
6614
91034
52133
84705
48026
68811
35791
61652
62715
40188
61572
63900
85623
17720
74301
70491
23664
58363
96855
27279
52497
67395
22736
10703
6314
70113
21535
2628
98982
62953
52468
95983
39235
39546
45187
14079
81018
50587
33528
72600
63437
4890
8412
59525
99411
24772
76575
96885
93680
1554
77061
83107
59887
20218
87312
71762
84325
52749
33437
16540
31833
33091
76027
48197
83017
87270
96534
56251
87197
11443
31605
36807
28879
2630
22206
17393
74892
46666
77045
52711
12745
61088
51280
81851
53547
89713
90105
37317
33381
13167
20758
40960
83468
73134
80303
43972
63000
99966
28765
13619
76368
33561
71073
98697
76969
1784
23467
5050
31837
30239
41717
85683
23762
27624
83762
20175
54206
89725
97922
33230
10285
94536
7319
1748
54039
94544
6401
23455
46389
35457
79530
53096
44001
44177
78804
28634
55644
49119
8274
19227
30767
71133
59730
73245
46382
23589
14126
24297
85091
5154
89820
47424
84153
74646
66629
942
6883
96611
84680
64273
95937
34285
38470
15074
10885
40697
34846
93041
89080
94340
69740
13907
25878
24906
20088
42479
65971
53182
67402
65876
72618
64201
67396
3128
60438
31591
96230
37101
65827
54464
95148
15766
98208
7785
52084
24425
80703
15585
67587
83323
68850
72045
86399
82964
18148
51516
72494
73967
7489
61421
85868
51694
40966
52492
36615
9534
89035
76002
61126
94276
62436
32708
24278
23056
63991
6267
18226
97561
31278
79106
65453
30197
96844
39473
19754
99463
77560
31042
92108
16149
70634
44532
14026
14110
36814
31263
934
57409
4855
4607
22483
88176
30761
39725
4578
28360
64279
29406
62012
67048
83264
60207
24850
78017
52144
80918
99314
87494
57113
38346
96062
25916
35751
72401
32429
49370
22519
42968
27007
32099
523
42779
62524
95403
35097
79878
13299
94805
15894
92794
36810
51293
55344
89140
12856
74770
27839
40022
40661
11682
29093
21812
70870
216
93505
94512
37233
23307
32324
50302
26882
42101
93453
1611
94765
8568
79789
84132
22904
96726
75448
23007
53711
82880
58846
95603
35573
4177
29064
23740
80700
1025
93981
59065
12279
29718
38581
45037
38421
55981
73544
54397
18073
72169
87455
1367
86466
81988
57998
10161
53863
82232
70968
25601
92386
24852
48864
47867
83992
97067
75598
26258
47765
13586
5961
18386
67602
32154
98613
67303
18979
68687
87431
4686
92044
29465
71769
79204
67944
39318
63356
54611
7704
59138
74378
41061
30834
13264
44863
44912
39490
62546
34470
16702
20243
7255
70229
83628
66441
77592
77237
66387
16904
4400
2647
66928
85307
44649
71861
38334
95828
54011
29812
71688
98192
73522
8177
21334
85896
49194
37473
63576
5278
96235
16481
69083
31373
59300
36285
55264
48869
24239
46725
11016
28637
96659
36536
69893
37959
13962
61752
46928
16342
11604
52026
46098
26080
47940
88395
91677
44572
50462
50704
94715
58532
92713
63764
38703
47197
58206
26530
98949
29420
53817
16179
34750
47908
71994
81729
48943
75558
82057
63712
37917
29587
83767
54457
97523
94600
49722
26907
80951
88159
3591
25358
9046
19704
91274
40864
59477
65860
38135
33598
92216
84422
9458
55357
51334
4572
9625
50868
95203
84228
12083
63630
72769
45788
83883
40963
24365
62922
67176
95290
32026
1245
28459
25082
20081
12757
86671
52438
79674
79964
95350
45344
17934
87725
83298
71307
47192
98518
60624
84832
66473
69941
92861
5359
41696
48891
96969
90033
10052
55472
1473
79927
60905
11093
4761
83474
95509
12492
16674
5642
52778
26626
62087
65259
94733
81513
44064
32133
7325
40192
58449
71648
78352
60796
72873
66816
63609
13083
71414
14467
72010
75336
94998
61028
89728
57840
8515
79170
13786
22729
34253
41923
13765
98558
21601
93442
68542
45720
34917
11814
37204
93485
74192
29981
41248
84505
97749
18191
96880
56685
65690
11549
16457
60897
72079
54945
18387
77236
22665
10835
48238
87320
48366
79313
7353
88628
96523
99838
29770
89044
35608
66805
94122
69272
34512
20760
67350
70107
52689
27423
9412
57824
56479
33424
73408
36287
2019
49305
89473
21395
87108
54215
55743
19626
28276
98098
52431
22185
21211
92600
22941
42315
82981
24658
60062
51557
49340
21770
17110
47534
44186
18155
50438
90229
14233
5156
32207
53476
25661
957
37505
20838
92833
12099
78044
89760
33041
75999
28241
24326
52702
94819
49287
65855
32869
24288
63084
2366
99168
8014
83100
33529
82257
54824
13977
41236
95606
8685
86988
67227
27638
13966
20886
2212
231
63075
85443
52180
54541
67694
26374
87409
29709
83255
14770
270
85313
99172
5977
53859
93654
49495
68740
26105
84226
89030
89748
31179
30712
21864
28845
81989
67882
51171
56072
33116
2541
51271
2423
58210
76976
51677
63925
1133
36161
56302
19030
35496
8839
33089
68029
27469
59293
79627
14186
86119
38299
18412
22326
23677
85655
37001
5750
19928
64435
40243
9921
25365
63513
90883
74271
26081
44479
32507
85220
35317
66150
49241
49020
17805
33147
56469
33749
55502
43287
48688
92535
92209
96543
96751
8051
22083
60407
81588
91346
15542
62367
62538
75479
48023
65750
87376
42033
12431
4889
658
72903
63968
56084
26155
66916
31053
53210
84090
4381
17327
69533
13408
49639
63367
9536
43705
15474
5456
21813
71623
95226
62845
70936
16136
50360
37748
90205
44891
67313
87502
53942
52641
41837
72050
49350
44940
20591
4598
83098
99219
61691
77820
67040
68682
28680
702
76778
813
42100
99092
94372
94697
62997
3893
23545
15301
37923
74028
75127
65559
6100
74325
84611
7173
85727
16755
33836
47938
39337
31787
70753
30592
32284
41339
87507
88128
39142
20087
5589
35428
55488
82493
97856
44735
79572
24426
8202
10387
90944
4944
4335
72389
50317
92259
52561
76692
34281
60408
4745
78930
35662
50110
51893
97432
47595
97578
9142
73821
30360
59349
72543
86851
74606
19883
75348
2371
76561
44095
48582
12427
44591
3148
4664
94936
10422
72960
81342
75556
88958
43397
58541
3732
90969
71294
51737
29925
49777
72732
10858
88289
43168
80990
32401
28653
75896
34092
52899
10082
83356
54822
12187
92774
21240
10615
20843
78987
66089
90725
14240
63077
97511
91784
53927
63918
45926
33311
88154
86746
81159
16995
8174
65835
52948
67489
53108
34898
28533
59326
8637
8921
19006
