93854
27325
91983
10495
93909
30022
41160
58923
59602
86578
29197
50153
1977
31521
66177
53434
14849
4897
84570
47012
82347
65669
18927
37162
74058
94639
81931
19291
91448
74353
44243
93463
35222
58176
80721
19719
15520
84602
90416
95717
85240
32862
22288
12755
37355
82850
56826
24419
17231
87314
18745
38590
50783
55981
65349
28578
88477
86795
25724
36556
14563
90108
7740
86771
41636
74897
45183
60546
88810
6296
41012
34956
12560
49084
35741
7934
18344
36675
68597
60639
31357
18870
49165
44705
61658
6732
59352
70715
20648
51043
15666
47730
75607
95796
28315
35850
7213
35528
37933
845
52227
51176
91790
99107
84781
34195
10795
48088
26421
71726
92609
18201
67545
26556
60717
14125
75017
45875
90985
91136
34753
6377
37606
92119
88140
39184
81378
71049
37729
82437
11243
90455
21643
81539
14567
72001
496
8417
88056
71363
44560
10899
92043
25573
86188
14873
7212
55962
10774
63250
46085
90714
33724
70914
33867
47020
46386
35309
92470
94294
65794
55310
33635
43796
17250
84099
38866
12190
92797
65385
44618
77901
46146
21010
71950
23299
70006
63955
76393
55575
71858
39879
8174
8317
80474
5465
43573
46638
31897
22727
40485
69509
41455
71035
89054
59091
41790
43411
27798
48391
89051
33218
37947
27372
50033
5534
28106
20913
3565
64022
72871
88242
24003
35860
26535
7125
81882
85782
14313
98184
2166
14955
223
84801
53007
56365
29301
71405
59844
47000
6012
75897
14351
36253
52839
70984
58115
63239
50496
83569
35964
56741
16472
62231
23407
26622
96252
30850
30409
44809
71960
76609
68642
41539
46540
41796
5185
39995
41406
69769
14382
36987
24113
32528
15569
17206
98371
31729
2896
90925
58311
40422
77652
40134
95881
64066
76801
73799
61398
92038
2086
75723
10141
19940
75388
68856
99905
40110
12309
31670
40296
91160
71965
19337
44039
38178
4758
42388
63244
30522
48574
87712
88457
56724
25004
6285
33889
1083
16217
74279
51644
49075
58000
60886
25359
16007
84174
13088
84221
14776
5449
21274
22694
53852
43274
90870
13572
91833
54256
64836
67864
39805
95388
34686
46835
2368
19704
3936
82416
55859
95541
7661
18883
31005
32861
69717
17416
90047
9581
4966
6781
58682
17985
77907
26365
65714
29539
55295
92605
28308
2838
49022
66447
29293
18829
69686
62087
8829
67419
37291
86283
98943
8118
91733
43436
52424
92406
3802
55030
70351
69439
85835
92719
97748
21076
12540
31424
93792
97692
69361
81275
27591
35198
87587
2822
38204
62697
21245
8641
59632
10173
48691
97190
67356
56601
35965
92897
44523
87929
29059
48425
80344
94484
97391
53755
98017
19527
9451
32443
20376
29066
94942
11939
45731
6207
30885
12865
32020
22369
6698
44220
65579
10887
51851
62081
58365
15443
75616
13905
25091
30229
21209
85808
21498
33264
53068
94999
85300
33911
20201
79247
35435
52104
92346
93725
86681
61236
41555
91093
34934
57189
30030
31162
56659
1504
73429
15102
48501
46573
31931
91644
67809
90540
89885
23825
10483
44831
86061
14899
47427
81270
71890
91771
14398
37646
51991
7805
67162
90671
47565
50540
14485
17799
58810
59998
1802
26132
51094
19671
38932
11782
66336
92204
2482
30252
72578
51525
98855
18402
8124
329
8082
40119
76883
86948
15516
50476
41043
88262
67760
40888
12221
98654
13218
49672
88041
65728
42354
50405
37168
37118
58692
6751
52506
34298
27794
19257
26307
80309
5667
90833
50095
24057
22823
6223
8461
59293
96258
7139
71151
80833
48055
56297
7710
2023
45386
71164
27497
72691
26561
73134
16480
93244
76233
73676
96103
84285
37117
83111
93742
44282
86205
28443
26204
16326
14317
46138
86934
64484
8584
4585
95682
76096
20509
54439
5290
16561
345
64155
53094
49080
15016
67970
2412
54921
63005
25450
59034
22897
98597
15686
88098
1725
31461
58873
6149
45149
3948
38734
51501
98874
7822
94316
88172
21429
73658
23613
25383
61270
31835
86619
39625
45025
56440
481
89466
69695
28284
48646
49466
82620
51886
23609
41802
54341
44367
5140
92509
34623
31414
89395
2243
32532
6370
19530
25492
51736
81588
13914
6053
87000
45071
77428
23435
15600
85168
56373
53468
79835
32929
70893
10889
53834
67910
74866
69372
94875
69263
72509
17387
17461
87653
39232
17352
47098
45942
46040
94145
82139
73583
89061
60896
7277
989
39618
10186
15258
99015
15491
67932
38467
81347
75292
37226
82431
29328
92203
70271
47370
29278
59623
70562
25066
36242
93138
98501
7337
33420
77007
5695
94242
76322
95170
98046
38045
16301
47087
61307
74461
76574
99819
91283
46691
62962
22161
70567
2683
73612
34096
28546
77595
28361
3281
87356
41697
23239
6918
12650
21290
11477
41903
66444
65407
40325
45426
23474
60679
761
79384
40757
25610
55007
21494
41689
87746
69690
80577
92397
34864
57961
18029
91522
35511
67014
67494
46529
68987
97610
47756
88711
5769
41435
60943
80191
48194
54991
37909
57876
54386
33851
72711
84749
52788
33890
9636
16645
66798
73195
53986
55916
52011
42006
80902
88985
23286
39222
55173
15908
97769
79129
81091
14894
90726
55408
18666
37096
33636
65242
42261
56089
97285
57964
80025
59941
39804
57120
76430
93739
70429
3309
4244
26929
96943
30699
46669
79698
59567
30319
26827
84143
31201
14978
88489
6953
77142
84832
18840
61577
18858
40432
1981
52995
40493
78002
94877
69137
12730
67151
47868
60918
23489
70357
71045
55179
30352
38269
90740
13076
1112
35257
76256
82558
85514
4362
64298
3233
59316
80337
16234
57746
16776
41854
55374
16905
26828
56401
85203
78156
61878
99035
30998
5366
844
65198
56867
1157
1329
69929
3495
29174
67096
20569
74900
31038
17336
10120
97384
39826
27892
42541
91027
72182
16540
97846
68533
75712
41621
83836
275
3967
29555
15679
2490
47681
72687
84244
66651
26077
72356
65480
23452
4866
93175
84374
46884
313
40795
41309
93939
60748
22380
98549
78169
37419
82191
14401
1785
59884
13493
39264
265
52573
34072
19052
8186
8513
29641
67312
97472
819
13634
16871
42268
408
53627
50005
81027
85733
15837
36964
24197
21243
15434
58926
12513
806
35620
77690
42451
54008
41887
29680
15969
58666
91032
24766
36908
47165
3528
60329
60527
279
32626
68156
78325
65541
94800
42251
35351
71186
80820
54549
76826
650
11417
98427
81828
11088
64509
18664
52038
55272
52411
11866
66889
75880
56955
10826
44451
10357
38249
85462
9746
8563
90532
15430
63047
51348
42211
7254
33427
74623
31503
17543
59248
29439
75635
99165
75706
76588
13809
91864
56808
66421
98477
40677
54285
79361
27545
78827
65597
36626
4565
80220
67575
71485
75987
50672
90308
54893
30861
78645
64962
11310
24080
34275
98383
9480
21025
80296
1663
55649
35393
72083
60290
43034
98951
747
69259
88820
17941
68955
32025
79179
85135
27813
27574
64675
62286
91111
19756
35496
77867
34521
48969
19808
16767
46127
88151
71197
30933
76148
25264
64435
25294
54728
46261
24974
6464
10841
6462
40491
42129
77495
93972
71290
95015
56012
94031
3225
32944
35523
96084
27453
96694
14703
3970
74557
4145
175
56059
48498
75497
29005
80277
56848
32475
14937
77033
23392
55536
77657
31547
37233
3685
94433
48893
69890
55568
8362
54707
23223
83455
76413
57360
10502
93937
92014
54660
3961
70492
89549
432
75374
12325
83717
5257
80763
16245
9858
3732
64510
40407
88122
59552
29569
599
70007
20223
58128
50829
49143
90677
201
42001
79784
68357
65268
41701
92206
77831
79419
8596
76562
55898
91545
34207
83447
67848
69002
55411
85316
66142
62
58002
96421
47150
89073
78511
61531
91053
70570
58030
43374
61641
56026
17981
35033
58018
48190
25923
88958
54294
60770
45735
7116
14039
46744
86138
15253
50075
9372
56064
10377
68943
60613
82656
62813
75347
32772
8545
51358
98177
80829
47375
79899
32061
64295
27428
82399
96065
87416
21109
20214
69545
31333
74563
77983
65745
68690
909
86231
62516
38201
51503
69527
21567
56446
40028
16299
12107
52693
63562
20517
88421
95289
26405
72714
32327
58770
14430
54440
31010
52100
59227
40173
39598
63938
90509
24608
59154
42812
49736
87376
6608
63000
36605
58004
99947
12675
51834
26350
23809
45663
76983
43953
90865
61548
61852
88733
58697
3231
34996
39096
75624
97620
93733
59910
46077
84600
18757
17702
4951
91674
54775
92344
23493
22985
93145
88127
22262
16135
90483
37005
79259
30906
50995
18046
17547
47159
45021
94514
23059
23203
6182
5319
86944
97751
31877
56130
29798
27519
97135
16644
24324
42494
97376
28957
97775
14611
31617
38314
34000
15658
82790
12780
10618
72944
78059
77861
42867
50682
75803
55721
55426
8946
88343
80249
26490
69944
68765
23562
47273
40331
97415
35611
9669
18996
53505
4198
98911
13472
28985
45515
31313
48152
54163
19397
48992
3477
44956
66739
87176
23774
28784
95872
8368
58691
40872
20805
37146
47280
50800
16040
15125
63521
62216
50901
45425
34632
69444
92069
45622
47344
39738
52249
85999
39348
71429
64261
91944
58575
28220
20787
46385
9053
50799
42988
74132
22107
21588
63267
35035
76324
21651
46686
68673
67667
19477
33647
5961
66952
17574
75495
88405
32660
17674
14396
18937
98488
79841
60188
16512
11979
65459
53801
61677
87736
22565
87377
42257
23561
33249
37925
64975
41139
31959
42661
72644
37681
83056
29453
2290
15083
32741
20452
59643
88571
37537
29704
6104
40936
9912
46136
46347
52800
96553
47272
60020
89029
56348
15057
28532
75651
14589
40301
77847
15354
61345
50304
94950
72176
63753
9606
94580
1510
73845
96928
91741
22046
76727
47577
28344
21081
87345
89898
38428
1642
45867
49599
84479
87036
69044
98611
66041
54725
61110
20374
52402
87992
99088
89922
10609
49979
95255
65207
16793
21120
80440
31497
63331
55760
6147
38219
52401
78393
31363
88865
38399
55101
89804
8310
88170
31997
55830
53317
43713
4491
7152
69202
50980
41277
23097
27007
77422
88370
52369
99360
53183
43104
75366
22630
15254
61405
71904
71779
10770
15424
13260
86584
17435
15513
94689
89685
81783
97483
15841
88468
35209
42094
59178
81085
87372
87
22757
30012
50929
32548
62269
74466
67367
45726
29517
83824
18358
99410
92525
17584
50823
73099
49531
32355
28184
3797
3149
72907
92706
14773
18053
12937
68432
10845
70182
50380
17676
87537
603
32700
623
84140
31011
25202
3807
86301
16923
25338
78174
9603
81407
68042
58979
69529
11419
34360
72954
92183
74634
58064
98837
3768
64460
32041
21939
57858
61242
59052
12765
17137
44245
95042
48304
6493
52024
99876
69721
17888
88605
6366
37709
50756
55645
35378
22539
78797
27977
43956
34662
92809
67753
83180
3778
35402
10020
91005
49886
61927
18853
10652
81608
79270
96008
13139
7986
2968
76659
83511
54865
80664
17770
90836
41341
59264
84215
90624
26983
42596
50338
24794
96373
70638
82580
4932
85017
75760
39192
98695
47412
56240
24534
44428
76120
90744
82705
68972
18304
44627
69426
51475
40417
98000
4032
28005
97080
28426
75170
70993
59716
14667
36572
23167
17881
95663
98541
46129
49445
4749
69471
72345
85850
84780
55315
25010
14133
83734
7201
62925
59351
87787
85755
28581
5065
73291
78802
87389
8467
93207
76038
31984
62471
16733
66822
31753
48882
32265
92614
1362
27702
2946
81301
29053
73220
39841
32389
7317
22327
65340
77548
31349
21936
18689
73776
386
59645
16494
15156
79108
95054
96310
96636
85859
14715
60812
4120
26328
13064
96492
97908
99451
49348
46798
26820
30131
28196
2960
19659
1932
10214
48126
57684
28622
65857
21198
33040
92026
52845
7976
63956
89609
29131
20637
79636
69103
46316
61889
85750
26544
48421
57654
59555
31285
24356
27238
23468
32140
25328
9898
78381
6792
9446
65338
4670
4933
14968
79577
83988
55353
55309
2673
85222
96789
88604
97290
89342
9768
91362
71094
9604
79708
77446
69904
38111
25462
54976
87252
7276
40661
44492
96721
9301
28947
34450
21759
2492
99032
74554
86419
74200
85644
73598
94452
13278
59940
86919
18157
8504
95208
67132
97691
90803
18786
96839
67830
58912
13235
21227
59244
68923
41623
93540
17107
57156
30354
24764
94002
76217
41362
75421
48736
27680
39883
80708
69919
60757
49784
53794
74965
17685
33583
34618
31169
39941
41049
37032
8921
16617
85940
80859
14640
90119
63875
17442
24458
89462
87244
87073
41782
22466
4315
90984
12590
55181
88395
53930
20939
38877
60010
60206
19374
68210
51259
72410
22188
9447
43189
54540
67775
59773
99479
54205
23351
98391
40236
32401
67872
32616
85955
20716
161
66154
50689
44350
68490
87521
77032
71739
42629
1788
92210
4528
3726
30163
32263
89588
15391
13815
83631
46864
94803
36828
14165
22980
40356
63482
260
16431
16104
96652
80216
43864
51634
62874
97304
40553
92857
54460
48875
51271
69388
67987
86323
58428
74003
39610
63461
65055
61362
51837
1395
59339
29414
7531
95443
48516
86717
8505
46886
6638
86481
82762
63715
69145
26388
67594
93962
568
46131
29580
61312
21108
80310
77150
78372
57128
84651
71011
89246
15946
25467
13621
60092
31671
45022
75981
20749
15415
15976
29556
62743
34184
73108
28500
48475
66420
8741
62875
47857
56485
43577
51845
89018
64354
7134
98671
31441
45963
18031
21896
40466
51240
68405
46367
92642
36805
59857
43594
31462
92843
14266
78349
67835
55564
78413
71014
71059
49884
92383
12342
67440
24543
93755
11989
91746
60657
11368
54628
1351
52843
2205
8196
84618
16587
82336
63024
97977
13586
45268
91422
4292
3291
9924
39089
34115
57680
44753
83610
85159
94124
97116
3856
15989
79741
95053
10861
16650
68475
14887
415
14588
92001
88075
55508
87997
972
27118
89678
52270
19319
33275
98057
86694
71627
63354
62937
55465
65539
29527
34651
49798
84184
57066
69553
69587
93290
66051
38901
13462
86195
58771
4460
67516
82157
8064
38894
65675
56797
16596
96225
48346
39258
26524
79644
75446
12633
16971
4541
16847
27604
99647
80830
87850
93495
68483
42620
17767
84882
11546
58893
90751
74724
72282
13321
82256
96471
37897
48748
47753
2851
15623
34213
90547
79181
18830
58015
44925
4815
21802
76782
22677
11941
84133
15997
4614
30421
17642
14724
97705
67637
50437
26937
63185
52594
86444
20478
83403
3584
34737
38659
97693
71925
89953
61267
18521
56210
45674
72576
57149
77906
74816
84587
73618
83979
49456
59185
67791
29924
43177
86904
36625
17127
97559
36779
88258
54349
51007
93593
79811
81809
76899
99471
64678
98645
30912
27158
44717
85252
63702
20084
14896
70387
4327
96266
40571
64317
36168
67451
82911
1419
66692
87733
75919
58206
8791
86516
93047
69220
91747
60773
83353
55267
52643
25021
90818
22631
99896
16592
64519
59198
18958
74472
51655
44248
27593
3826
33325
92413
36995
94239
8981
29605
78136
77820
35279
47114
67639
88311
98556
91682
97808
26387
73685
73682
71623
1827
15836
42417
21934
62576
52496
27521
35058
44537
2724
46211
6463
7351
32476
80782
97086
84597
55306
35016
6502
28069
82695
73249
3395
63542
88724
58138
51617
13850
58717
15346
47865
14408
25072
65524
61640
83508
60012
36341
65251
73232
32167
25146
89260
71972
69788
78476
73178
47240
11416
73881
84687
10308
54834
10027
90315
38859
72712
88167
62992
68855
97741
44244
29071
58711
15241
26023
67604
88081
26108
44770
10300
332
75621
95080
76938
64083
34396
52117
23911
35177
41515
74271
48719
80020
47838
31550
59488
25963
15482
51923
31147
54862
48157
91105
95807
24313
4964
53006
60312
92100
1398
34446
23320
96808
49857
78102
51055
70566
43884
64087
67475
12083
81317
19135
30142
66065
66506
98583
76556
72933
39375
17344
45296
83837
60648
30770
34787
37227
48701
50302
17896
41975
76544
73261
83300
17894
22813
34422
76458
66351
1270
71116
32436
80386
93391
49539
39170
95904
67552
73147
66687
85507
26700
44842
32113
26075
58985
81452
58387
62103
63035
72624
27558
67486
25115
15819
69624
68258
63704
93611
37696
43085
76597
56181
94587
97757
30375
40064
93815
38276
95006
84806
93386
36954
85029
27840
31400
60228
71661
71771
24009
86623
59183
70432
50367
939
60013
81652
60363
74517
90252
26460
61668
66473
85680
27932
47302
94643
2256
61200
83228
28688
57251
43236
68904
45103
73677
92076
21616
48101
37501
24229
51211
84474
44011
92234
47135
77137
15538
35862
82538
78123
96493
18811
9405
37710
24630
50511
57494
71509
19367
15019
86374
68434
15755
3169
18553
65417
78
59353
28133
29060
6684
6453
30556
6944
39924
84433
54915
11253
76161
46278
27647
7332
68960
33034
68279
98300
40412
494
50941
64401
31470
89204
51882
18205
28616
3504
35536
42493
57924
47919
8909
34414
25981
27838
72589
31247
90848
78122
50541
61257
48465
28510
23964
80123
19599
50716
4911
3911
631
28331
22352
3076
8101
68931
78729
68173
13878
60868
96433
10190
1774
38534
63784
8838
7724
56512
47604
95246
95173
47683
27975
74701
87294
63090
20346
18140
78299
62715
43856
86181
11675
21816
85700
72104
66981
86820
25784
22804
48217
22619
23929
83280
44805
61174
6120
89210
78151
66559
79115
96344
16660
26694
27036
50263
41864
77077
53031
30849
93328
6440
29773
12467
4793
64818
1576
79066
73766
82142
14321
47559
88147
12886
8756
65974
12816
85824
60277
15438
62819
70919
81332
70245
96506
77691
69601
89741
6529
42163
61866
18058
89192
44741
1096
43984
95221
36814
67296
30296
91442
79928
24094
67804
15955
5812
50181
8609
84941
37152
66374
15988
26257
30776
68995
91042
62372
34754
33131
31696
39379
62952
76213
35574
27793
58212
20686
74298
99970
85379
13460
90839
85744
60382
73752
44437
93827
8820
7398
32388
11700
54889
10216
44167
88490
86210
73965
92790
93299
59139
43728
26658
51187
26102
42660
67742
74289
16539
75367
18945
33922
84808
85032
28108
38128
87622
4290
37237
85802
11130
99283
12397
95593
66195
67144
84188
91342
97287
95343
85285
51321
67922
75775
28479
21556
20641
6818
15314
41848
86709
24329
77724
69390
84378
30324
89719
83087
36921
10898
28710
62458
9241
4850
41547
28633
62729
81081
18918
38555
28488
69848
80854
76960
26464
89482
73153
39428
89465
36368
21398
6065
81727
79584
35970
86396
59303
56041
51924
99043
53636
19510
36338
14540
58062
62752
37887
19649
90761
82881
9332
24613
949
15381
18573
93652
93003
88547
36114
48526
76449
96307
80599
69714
65848
69494
97873
46818
20502
37214
56036
87046
74957
51874
31108
72056
55790
10333
27636
55318
97758
90926
43043
6226
80164
63865
38070
55739
17056
9100
86185
62477
73196
70871
13693
67665
69126
88485
71043
76248
28281
12942
96843
79274
30626
65910
34379
68684
37726
39242
22763
86788
92163
53843
33742
75157
97976
31090
23728
7394
56878
19626
19999
5196
56230
93669
23429
60448
84361
89470
65907
88966
28348
64761
26846
22714
91477
8131
18994
68965
49782
87394
30268
90253
30840
10876
27112
53846
25336
31280
87121
24730
36409
38987
63880
63728
82121
92732
67361
96426
67427
16977
98093
8877
94483
40662
40333
96668
65921
39562
6253
64266
82280
70587
78131
16069
44439
79256
98178
64367
90318
44611
17169
61168
81630
73146
48650
78068
39599
35598
75648
62695
75874
69209
46358
36314
83619
12845
78591
33455
73281
31976
84753
39454
36098
72112
21723
11277
51062
9473
80553
33751
18683
31631
95506
2273
51129
99172
60065
90404
54588
32325
86413
25433
59385
81592
4065
20506
25704
55414
69990
10070
23226
64329
46770
75546
57186
16750
47351
85903
28341
1843
49259
82441
67761
87857
99012
44303
82317
25869
80349
18755
61202
66360
69261
11512
33403
68662
33961
32890
98022
63614
30472
29548
25667
79262
79565
1233
64790
49066
46738
64854
23915
72471
95664
92276
25479
54150
57356
97489
31246
3267
99903
38262
11044
84041
68898
33159
72584
52886
20654
60370
14018
31052
88192
68113
50911
74336
76343
16176
3376
55806
92427
65453
34872
22392
14418
11390
86891
5898
43757
85441
50879
36144
2888
51975
85502
24943
78496
13476
71320
48616
96507
99907
55376
23975
11774
48518
20150
8590
81291
228
15081
24724
92644
65799
91407
96048
82028
79890
9374
29783
65379
61717
42392
15259
87806
78838
44932
77233
55983
76926
8300
12275
44547
76549
1810
16022
46522
25498
46935
33926
53860
40191
38228
57506
57880
62859
78261
10514
75194
20069
56915
73148
50069
33078
53117
94507
36660
36092
57184
75665
7660
13802
51597
48960
38117
79277
32619
93519
10973
435
42681
68120
55146
45006
38122
31660
77568
86759
96299
34391
45366
67620
29501
55915
60876
42889
11245
72675
33954
45554
8135
87212
95291
98614
46477
62014
83715
17005
47105
44187
27919
2376
39561
97150
84219
17911
87748
71582
97568
60238
56099
15140
22237
87661
95626
38448
71565
4780
34016
51110
36936
84428
93298
25034
24286
90333
92391
47710
71491
75620
72044
12056
43338
81069
66643
54580
76523
7263
93168
42772
50573
60141
52885
12129
4768
58085
50830
48560
51988
5440
42271
93695
6736
22368
83157
66303
92305
57292
99762
19656
1927
6485
3494
66939
52495
81487
86101
72206
61815
16601
4630
45950
81971
39473
15507
89174
32608
3482
96207
82327
53046
14757
17892
22447
33658
42069
58821
49570
59576
52924
51690
58787
72520
59690
32153
60186
54871
48463
8697
5997
78785
66892
65325
94578
72436
83503
15441
29603
43533
85246
60414
32072
19298
52756
81109
39981
58476
70185
85590
26985
69380
14505
16900
96564
34850
93497
23455
67343
12903
10111
69107
29460
88047
15114
82288
13366
56869
88165
99265
24214
40993
66073
63858
23813
5053
39101
83943
51037
75006
17276
66515
32988
29532
14333
10115
53863
88537
30714
78533
59365
7605
14355
69049
10752
62599
40192
71351
62745
21601
91475
65744
45059
12634
278
54397
66963
22541
35832
53196
6659
7508
92653
1346
87829
84213
79643
93897
34711
52000
25995
54994
70115
9930
81203
71933
10456
44734
4443
452
32776
39005
60863
47778
57474
44514
53663
16755
87577
80619
29044
3625
36321
67934
23808
25380
43284
46727
30285
78031
3767
76658
57657
58796
35719
29772
57362
78048
54811
33012
87179
7545
61393
60856
39579
12700
45551
59123
90441
91665
72498
19871
94551
54734
42887
66902
81327
80246
55298
63436
6744
73014
9894
21969
29830
44307
40845
38717
73436
32017
20455
45322
13087
56350
29471
68076
38015
35481
71504
90783
24131
4049
74270
91642
28594
50562
30945
6845
19406
1344
50523
34710
83004
12515
92974
97833
70787
13759
38643
14171
48373
95423
4955
18867
2267
33336
24376
21549
9487
32639
92329
82897
53405
15515
97902
33215
67373
78721
44760
22667
25211
76380
3251
92716
38829
21786
11592
87023
80214
5348
62363
52466
38693
86177
23770
31586
75372
24287
45035
81025
29450
97668
37394
51375
56791
33019
99319
19147
4894
44545
89602
74212
24650
2509
58823
1416
21565
80684
32703
65120
7495
76335
65504
63668
29737
90099
80815
73353
47102
15537
79394
18793
66016
48218
17140
13837
79159
24570
54636
91932
86416
91803
98747
39029
82759
86047
93761
67112
77855
78828
27123
22687
84868
9073
8594
44794
30371
14902
20039
13063
74729
57136
57590
26119
33281
4456
88326
86344
58123
11139
31384
30531
44269
55006
9441
83484
61411
25276
83865
46110
25678
73256
24050
27149
55748
47849
8079
19516
85837
62689
59076
71652
58013
43964
89805
69826
55966
93316
82505
51213
1328
55346
33672
43343
63651
61651
63576
66682
67377
96476
70231
82804
7867
16460
60837
46111
30995
15203
68451
47237
38040
55924
30511
30710
81391
44528
84471
27583
11268
35139
94540
41875
99414
82717
34255
83882
91304
21118
29878
41822
90895
30089
43522
51368
88036
30109
42446
8165
43491
64596
33612
34059
83540
50192
99913
28644
75355
99320
11966
7020
89979
55459
65073
15237
6994
62959
30871
55885
31338
4115
66136
46362
56680
37140
40895
4124
15179
19994
82826
59455
70350
95860
74654
55741
12912
32524
82641
42431
67797
55422
70557
23987
54250
3105
52624
55583
85910
17168
77366
96041
57694
55585
11699
83141
47847
79712
50141
77447
98442
69054
26209
5242
84939
76512
13751
40368
31050
7361
34403
1370
32822
27050
10705
34628
32969
27484
15552
75906
94708
96480
85072
63888
85571
35945
1541
5801
18438
25824
67160
52852
48929
12102
87950
97865
82554
53688
51918
18369
65295
35334
37845
55303
99103
85842
74788
92945
42049
54966
42901
50976
17459
59174
5395
4832
3980
24073
6092
67686
24210
19676
45652
14908
99131
44348
4311
33502
1874
354
51798
22299
30745
23968
5557
55077
31186
54358
71437
17868
88226
60224
74691
9452
49019
3630
8088
19791
60540
1251
64848
39916
78550
1052
49194
81103
50680
8751
67321
16758
51478
87662
37487
39079
28571
65876
1687
44119
89891
61255
89552
47784
83639
90094
93562
74074
67026
37866
20430
74150
98062
59242
697
98603
85997
10161
7907
47459
58631
11394
30949
6482
66869
21103
51682
89478
71775
90029
98939
77646
63620
83440
93022
98574
43081
49385
69836
99509
33032
19478
66087
44193
14138
51967
97263
5984
56457
68274
17918
54922
38148
69523
62899
49819
47767
66431
1732
17111
99718
72181
31294
3329
14448
35551
59481
39900
25331
33570
18963
65708
59194
94610
51029
31057
91647
36198
16981
63146
769
89028
50974
67840
3111
58637
87903
71224
43549
13284
75406
5549
36167
54248
48378
79292
93566
46584
65095
54875
86535
39366
13298
62878
69812
28219
49306
81620
90203
13390
24579
88159
9788
49659
61834
82491
29586
42793
35701
22205
25917
52386
54422
99843
64595
33236
9742
97186
73679
47575
92281
72851
26960
58178
83803
95402
3831
31912
95195
60879
87780
892
36428
33086
87269
33149
29354
46334
28177
43503
26676
583
11746
18045
58126
74068
1428
69974
67541
22198
73328
89522
51985
72376
50063
59369
99403
63301
7067
85005
76620
70386
67258
61351
34152
45329
9253
44156
98388
91276
38537
65456
639
67443
65216
1519
85080
81547
29512
76647
61537
56884
81217
96485
38210
97112
2985
57209
66310
15410
87092
21594
53013
60880
2353
37848
33227
68651
77762
50194
26124
99691
85412
14643
5744
27236
56683
59436
16060
63937
84431
33764
52935
38665
46263
35959
72014
65455
37882
72384
49696
72730
94034
32847
88564
82773
82924
62003
34822
3331
93161
55620
5522
2219
16603
4568
68101
36415
22272
36897
79760
46576
53093
98617
68762
89230
63809
84877
23901
3725
4082
91918
64760
83023
45770
11226
49196
93989
3739
24355
8511
74519
89076
61579
14511
2438
63671
87759
83887
12401
19529
48169
99364
95610
67971
39876
24283
7345
96449
46611
17432
29917
81424
72869
77737
12852
19543
40782
79357
47049
14629
95469
28372
41713
90277
63953
67551
68595
60989
58639
5027
71366
34702
87897
53508
77268
71984
46997
893
50585
97735
6341
67433
46114
95707
61483
72742
9711
93598
4843
64112
72094
68922
30825
87201
71450
74633
51752
37807
45743
7611
69515
29413
442
37838
35990
91201
55922
80122
8084
51621
10170
56234
15504
32926
48540
56426
34439
99370
85884
45429
48876
7289
20651
734
53028
24616
63856
78862
96128
89119
25108
93487
25262
74863
87433
96992
56684
91264
81311
75015
32170
77296
83387
61588
22924
85543
84680
77997
83545
71228
28165
97426
90412
15385
96888
98136
6492
83462
21443
21822
42832
45043
50873
96341
83151
33984
15232
31483
64753
13555
78881
17554
43828
28298
95622
9454
75521
6239
5887
89723
6789
79421
4548
47220
80658
39439
95913
65552
10976
30602
28322
84355
84249
67752
62259
43070
25313
73445
52400
83965
57016
45890
91445
54729
93905
87511
94197
49203
85608
37014
91909
81878
46481
57088
74469
49644
8915
60790
58965
35172
24626
88268
2056
16184
19637
41953
22761
48724
37223
58441
59611
14565
3649
55057
61053
95650
82277
39882
60969
23367
34342
62200
59354
11258
26038
18313
18014
62271
82099
64021
53110
5067
14238
67075
85056
42032
49266
95666
15711
88603
77376
97591
66603
84063
43902
48309
91758
85756
52717
4752
71740
53267
66772
47297
297
6368
72065
36790
38731
52824
50368
3883
440
57203
17703
29130
89958
76835
73905
87124
5274
82867
18328
60128
55608
36664
15641
19472
8667
20259
20072
21552
20236
16158
38434
71296
5601
85684
21438
69580
325
40448
86126
89770
30718
16581
88080
45920
58144
10960
49386
47513
94983
57058
76877
86810
7163
18147
22477
30004
91999
29172
44662
73611
22472
17198
60830
55818
71241
96147
79914
58514
32610
46674
20075
54273
39939
56413
74168
61718
85569
23934
63631
7834
84106
73343
62650
32716
328
73421
71612
87993
88612
53131
69248
56811
5187
80582
15949
42615
71330
53449
84800
79140
91295
17006
99425
89296
28759
59816
42749
33221
99057
7539
32677
27978
35911
14021
77896
52784
11617
26639
58681
34909
91813
93295
99050
25908
98302
59542
73913
18070
34132
3002
35729
64140
37153
42201
9076
56499
5691
6434
97852
663
25580
88912
27485
479
5606
58734
32853
51364
64598
54474
44530
80542
14229
2237
1128
73238
87824
37122
13126
27585
93904
18882
25850
25320
17223
24459
55971
52005
60390
16366
24612
58001
8091
48083
54591
89518
71259
34826
31736
84294
35519
43882
75384
18559
22544
30520
98980
43650
34838
63284
9453
29996
50080
76490
59027
577
79901
3130
94629
7411
66288
54508
32057
73613
25362
75808
76728
90397
44257
6383
66825
24365
90544
2843
60333
73121
28815
84046
6893
53270
55482
87754
78625
14307
90968
27437
45811
14064
71716
69851
75037
153
11985
71168
89661
9816
23785
32112
16008
55067
89561
28469
8501
53355
2091
84546
81596
48735
20235
24845
20312
82917
48543
14327
38293
26197
25244
33811
61890
41803
76113
93968
42275
29782
68406
86510
63411
51887
65503
2984
3930
39999
50528
2473
57139
37865
10997
67142
34300
66977
75515
49882
71706
75447
31318
35448
19544
32644
13174
34797
82706
23344
16610
69212
98241
11982
60396
85113
20397
15526
41839
18227
5180
40338
53643
26527
22480
59700
27805
28292
85423
51876
78585
51514
52274
49239
58313
98719
12932
4741
66300
45412
63610
20194
64622
36727
8404
39585
89564
60247
68949
88153
62068
92972
73977
12848
66219
98153
25520
4407
65401
97134
93121
41045
41690
33569
52057
16214
12304
26281
17072
56877
99086
28433
79532
44690
69672
36434
63961
55391
99238
26887
28168
49632
72523
2612
78888
25355
71152
15012
42785
54432
60459
26975
23898
15939
90353
40721
9191
76929
87167
9767
48896
33184
66722
40865
98280
45544
77542
37631
86605
76984
64637
89787
29163
34652
76355
16240
61672
87540
34938
75209
20304
85319
25353
84751
17517
54599
68527
3455
96155
58403
11684
1923
49771
29443
85311
76191
32349
38237
6206
85952
76553
68798
46704
31623
10708
87325
12666
18676
4289
25583
173
49148
53455
29579
57772
91338
31244
33673
78398
73989
58499
37275
59653
27150
37295
62559
74645
66913
54366
81957
13897
30930
32451
15009
95751
9613
27650
93651
48385
96693
90699
54756
91196
2390
64152
26137
70782
89611
78930
70460
59715
31790
57208
75440
19800
30557
5892
10862
53023
15344
47025
13225
24468
84265
89510
27639
29050
95438
75104
69589
77905
42320
80301
94175
37072
53841
10866
60078
11440
51879
57651
77672
22591
67532
77700
92018
27723
99550
59433
85328
18349
25395
96381
24279
55221
61768
95940
51524
46549
92963
25269
26443
1819
15951
20669
6787
46602
85483
7942
27242
42640
50872
77294
5872
63691
65141
28031
33263
16379
3241
99140
44105
480
56655
63422
94862
43804
61172
93312
24828
61500
96391
3731
24560
35913
62314
68934
11423
25956
73481
52055
38107
88331
3622
22082
19995
45132
75698
23775
18646
35211
75018
67581
33179
8879
1425
74054
90312
82179
41155
98135
16784
15171
70189
